1.72792096e-02
2.28462219e-01
3.84646416e-01
4.70668942e-01
7.29814887e-01
8.31335723e-01
8.77979398e-01
9.97639060e-01
1.01625538e+00
1.00682127e+00
9.52477634e-01
9.03642356e-01
7.33690560e-01
6.29278481e-01
4.57647711e-01
3.38959306e-01
1.27319336e-01
-7.74133578e-02
-2.87785321e-01
-4.38638896e-01
-5.87378144e-01
-7.42748797e-01
-7.79624760e-01
-8.79440248e-01
-1.11784542e+00
-1.09445071e+00
-9.91025865e-01
-9.50886011e-01
-8.33645761e-01
-7.18102515e-01
-4.81893301e-01
-4.81380343e-01
-2.67570138e-01
3.93480621e-02
1.57668382e-01
3.42170149e-01
4.56053346e-01
5.55020213e-01
7.78886497e-01
8.81757379e-01
8.89688909e-01
9.57953393e-01
9.94424522e-01
9.21345592e-01
8.99913549e-01
8.13791156e-01
6.86326444e-01
5.10512233e-01
3.97811949e-01
2.31939659e-01
1.60424151e-02
-2.28292823e-01
-3.31541926e-01
-5.60898781e-01
-6.40589058e-01
-8.62606347e-01
-8.59103680e-01
-9.69586313e-01
-1.06046414e+00
-1.00780964e+00
-9.48351383e-01
-8.62667084e-01
-8.19622636e-01
-6.92792654e-01
