6.28651120e-03
5.57731271e-01
9.80247676e-01
1.04508138e+00
8.11569273e-01
4.72070247e-01
1.30798593e-01
-1.00584112e-01
-1.11484870e-01
2.16611788e-01
7.77853251e-01
1.33303654e+00
1.54942071e+00
1.69078636e+00
1.37651587e+00
9.51074958e-01
5.00585556e-01
2.22846344e-01
2.51851022e-01
5.57814240e-01
9.44629788e-01
1.45630598e+00
1.60389221e+00
1.60550129e+00
1.28591490e+00
7.11807370e-01
1.30020827e-01
-2.44848102e-01
-3.01977843e-01
-6.20705560e-02
2.58536071e-01
6.77912652e-01
8.78217220e-01
8.19298267e-01
4.18170631e-01
-1.38665825e-01
-7.51609504e-01
-1.10606384e+00
-1.14742577e+00
-9.04598057e-01
-6.50738537e-01
-1.15387477e-01
9.91703570e-02
9.75577068e-03
-3.60876948e-01
-9.06702638e-01
-1.32710361e+00
-1.62312603e+00
-1.65305066e+00
-1.40003502e+00
-9.82131004e-01
-5.85749686e-01
-2.21664742e-01
-1.66624725e-01
-5.23966372e-01
-8.71250451e-01
-1.29306293e+00
-1.51619804e+00
-1.54901969e+00
-1.16462517e+00
-6.09607041e-01
-9.73033085e-02
4.22034323e-01
3.97311747e-01
2.37986803e-01
-1.69363096e-01
-4.53845084e-01
-6.63416386e-01
-6.03844345e-01
-3.62260461e-01
3.11618447e-01
9.01560426e-01
1.29279697e+00
1.29203320e+00
1.19875276e+00
6.41085207e-01
2.67208636e-01
1.12987861e-01
1.17914200e-01
5.47646046e-01
9.60482478e-01
1.41448522e+00
1.73408175e+00
1.70579445e+00
1.40437090e+00
1.01920891e+00
5.27413249e-01
2.44763494e-01
1.06251553e-01
4.74969208e-01
7.94647634e-01
1.29905963e+00
1.42375302e+00
1.33697808e+00
1.01854432e+00
5.05563140e-01
-9.40531716e-02
-5.11130571e-01
-6.40524864e-01
-4.46195900e-01
2.51341425e-02
4.25605536e-01
5.65249145e-01
4.28135872e-01
1.45755753e-01
-5.18010199e-01
-1.04170835e+00
-1.34270132e+00
-1.55789936e+00
-1.20102084e+00
-8.38099062e-01
-3.85049850e-01
-1.47766918e-01
-1.69929832e-01
-4.63646352e-01
-1.02560687e+00
-1.39720583e+00
-1.72404706e+00
-1.71077323e+00
-1.38790178e+00
-9.11677122e-01
-4.05322492e-01
-1.11681789e-01
-1.37574047e-01
-3.07037294e-01
-7.45582521e-01
-1.17878926e+00
-1.31000590e+00
-1.27102637e+00
-9.18866336e-01
-3.61167043e-01
2.65505821e-01
6.53445601e-01
7.95557320e-01
5.32323003e-01
2.08526447e-01
-1.51425079e-01
-3.64599019e-01
-4.53331113e-01
1.00247398e-01
6.04766250e-01
1.15272868e+00
1.50837517e+00
1.57013810e+00
1.33052683e+00
8.73060882e-01
3.64466518e-01
1.94002733e-01
1.81255445e-01
5.79341948e-01
9.85561669e-01
1.46996391e+00
1.70065212e+00
1.69560778e+00
1.39942801e+00
8.16737771e-01
3.89133990e-01
2.40061861e-02
-9.11625773e-02
7.11720213e-02
6.13437831e-01
9.64390397e-01
1.16012406e+00
1.08777535e+00
8.09741914e-01
1.53944418e-01
-4.03106719e-01
-8.66609633e-01
-8.03811491e-01
-6.42497063e-01
-2.55670249e-01
7.54639506e-02
3.24924290e-01
2.17309177e-01
-1.36536330e-01
-7.14716434e-01
-1.31443584e+00
-1.53648305e+00
-1.73389983e+00
-1.39997971e+00
-9.61282670e-01
-5.57831585e-01
-2.00613335e-01
-2.48677835e-01
-5.49641967e-01
-9.61696267e-01
-1.46264029e+00
-1.63227701e+00
-1.64809954e+00
-1.35468686e+00
-9.06230271e-01
-3.45270514e-01
1.30639642e-01
1.45407960e-01
-7.97548443e-02
-3.71827930e-01
-9.02485192e-01
-1.06911922e+00
-9.71855938e-01
-5.35019636e-01
-3.31767611e-02
5.33665597e-01
8.67969036e-01
1.07630384e+00
8.78659725e-01
4.30171669e-01
7.37655908e-02
-2.12570459e-01
-9.98887643e-02
3.48780423e-01
8.15803528e-01
1.44648838e+00
1.62631261e+00
1.73074019e+00
1.42903602e+00
1.01597929e+00
5.27437985e-01
2.10601449e-01
1.87888652e-01
6.58990383e-01
9.47189271e-01
1.28714979e+00
1.60472190e+00
1.62182772e+00
1.21574104e+00
7.75129080e-01
2.17315704e-01
-2.06378773e-01
-3.02702338e-01
-1.23320363e-01
2.74018675e-01
6.14714265e-01
9.46398258e-01
8.71791005e-01
3.44630778e-01
-2.15518609e-01
-8.07343662e-01
-1.14777589e+00
-1.34194136e+00
-1.03638351e+00
-5.22939503e-01
-2.08367288e-01
7.46058002e-02
-5.37582524e-02
-2.86066353e-01
-8.81045640e-01
-1.41910481e+00
-1.59351766e+00
-1.75935602e+00
-1.52685130e+00
-9.89904523e-01
-5.27275503e-01
-1.68125808e-01
-2.45530173e-01
-4.19312447e-01
-8.48369122e-01
