0.996477 0.993017 1.003019 0.991449 1.000718 0.997314 0.991160 1.000149 0.990750 0.998673 0.991397 0.991814 0.998490 1.006537 0.992476 0.994465 1.002549 1.008954 1.001542 0.997934 1.009525 0.990932 1.007169 0.995792 0.992885 0.992356 0.996170 1.006323 0.993615 1.001632 1.002778 0.997448 1.000955 0.991256 0.991192 0.994119 1.003608 0.998552 0.996283 1.001711 0.999064 0.995995 1.005888 1.003980 0.994882 1.001488 1.000504 1.007503 1.004589 0.995759 1.009603 0.992361 0.998362 1.005143 0.993040 0.999779 0.990784 1.003364 1.005291 1.001461 1.007510 0.996275 1.003906 1.001887 1.001598 0.999124 1.006799 1.008894 0.999482 1.003283 0.991213 1.004030 1.002943 1.009862 1.006438 0.995692 0.997716 1.003373 0.990451 0.999234 0.993361 0.992342 0.991179 1.005365 0.992587 0.994952 0.997819 1.007428 0.991612 0.998984 1.000989 1.007668 1.006386 1.007280 0.995568 0.998306 0.997175 1.007684 1.009155 0.993018 0.993524 0.994639 0.994667 0.999699 1.001782 0.995255 0.990082 0.998379 0.997385 1.001327 1.009062 1.003810 1.000310 1.002352 1.003524 0.991080 1.007991 1.005599 1.007490 1.005957 0.997848 0.997980 0.992071 1.002686 0.991245 0.991347 0.994175 0.993246 0.996801 0.991052 0.990005 0.993025 0.992029 0.997272 0.990510 1.007487 1.002281 0.992971 0.995045 0.996948 0.997283 0.992457 1.006979 1.009862 0.999320 0.999677 0.991718 0.992044 0.996853 0.995295 1.006577 0.993229 0.990462 1.009020 1.000565 0.992932 1.000863 0.990541 1.000562 1.009570 1.007267 1.003924 0.995222 0.997334 0.993341 1.005439 1.000652 1.005581 0.996593 0.994461 1.006230 1.009699 1.007053 1.006122 1.006367 1.004797 0.994535 1.000353 0.997111 0.990580 0.990559 0.995588 0.995183 1.003850 1.009130 0.998945 1.008740 1.009761 1.009100 0.997293 0.994409 0.994537 0.993934 0.994087 1.002481 1.008006 1.006809 0.999589 1.003060 1.005993 0.991696 1.003212 1.008196 1.005646 1.005003 0.999561 0.993570 1.005783 0.996650 1.006016 1.009433 0.997917 0.998028 1.008936 1.004496 0.993400 0.992541 0.993023 1.008097 1.006130 0.992923 1.006530 1.009606 1.003145 0.997008 1.000973 0.992620 0.990285 1.009418 1.002993 1.000532 1.008672 0.998676 1.007435 1.006523 0.994221 0.995037 0.995859 0.994811 1.001729 0.995187 0.998380 0.992621 1.008200 0.997076 0.999163 1.001667 1.008086 0.998413 1.008354 1.000033 1.000636 1.000470 0.990374 0.998802 0.993662
0.990079 1.005983 0.993447 0.999470 1.004504 1.001130 0.996520 1.000367 1.001109 1.005685 0.992122 1.001206 0.994970 0.995538 1.005445 1.000154 1.001235 1.005200 1.008250 0.998865 1.002251 1.000111 1.000243 1.003855 0.999047 1.000666 0.999561 1.008830 1.003984 1.007531 1.008844 0.995192 1.001190 1.008865 1.006800 0.992743 0.992432 0.998842 0.991451 0.994813 0.991462 1.003389 1.005679 1.007941 0.993089 1.004322 1.003205 0.992860 1.007657 1.009351 0.994392 1.009050 0.997965 0.999745 1.009797 1.006649 0.993229 0.998630 1.000312 0.996782 0.993915 0.996371 1.004443 0.990390 1.001081 0.998809 0.990362 0.996630 1.002479 1.000245 0.991286 1.009702 1.005767 1.009434 0.992096 0.995311 0.990792 1.005580 0.995409 0.992591 0.998445 1.008228 1.006380 0.995172 0.992987 1.008383 1.001412 1.004008 0.991789 0.991151 1.003764 0.998506 0.991448 1.008767 1.002689 1.006033 0.991675 1.007125 0.991332 1.007255 0.999075 0.996783 1.001061 1.008533 0.995357 0.992584 1.000538 0.994769 0.992189 0.993229 0.991008 0.994035 0.996240 0.996100 1.005190 0.995799 1.000002 0.993558 0.996940 0.990363 0.995009 0.990307 1.004662 1.001021 0.993789 0.999495 1.008693 0.992126 1.006378 0.998644 0.999900 1.006692 0.997862 1.000134 1.003755 1.009649 0.996854 1.006646 1.004135 1.002720 0.998094 0.996951 0.991088 0.992596 0.991414 1.004818 0.995112 0.993265 0.991690 1.006825 1.007411 1.003411 0.995639 0.994844 0.995861 0.999189 0.993151 0.998916 0.995265 1.009236 1.009452 1.000941 0.994889 1.009313 0.996191 0.997132 0.990021 0.997633 0.999493 1.000055 0.994020 1.000095 0.990099 0.995283 0.991795 0.997990 0.990833 0.990450 0.996085 0.994656 1.001712 1.000584 1.005011 1.003151 1.004320 1.007582 0.997790 0.996523 1.009695 0.992989 1.004483 1.002864 0.990876 1.006706 1.007839 1.002547 1.004677 1.006244 0.992786 1.000475 1.000087 1.006699 1.006094 1.006528 1.001681 1.007857 1.003658 1.003867 0.994599 0.990623 0.992662 0.997214 0.992098 1.006716 1.001171 1.002555 1.002525 1.003613 0.999786 0.990066 1.005954 1.004965 1.000059 1.000704 1.003186 0.991321 1.004736 0.995044 0.991489 0.995311 1.004587 0.994104 1.004797 1.009515 0.999879 0.997651 0.999580 1.003674 1.005339 1.002339 1.002855 0.991549 0.992949 0.995079 1.004864 0.996088 1.001355 0.990249 0.991213 0.995375 1.003440 1.003844 1.003514 0.995817 1.000331 0.999293
0.999327 0.992370 1.007873 0.993985 1.009563 1.008725 0.990350 0.999179 1.006398 1.009362 0.998989 0.995373 0.994197 1.008912 0.994214 1.001629 0.992835 1.000481 1.009055 0.992652 1.006404 1.000175 1.007737 1.004067 0.994628 1.007954 0.999723 0.990497 0.990072 0.999834 0.999015 0.996039 0.992814 0.996879 0.996322 1.006805 0.990035 1.005015 1.006782 0.992401 1.008528 1.004260 1.008031 0.995797 0.997444 0.997858 1.009976 1.001784 0.997214 0.998561 0.995503 0.990965 0.992034 1.006694 0.995712 1.008712 0.994986 0.995315 1.000219 0.993797 0.997467 1.009123 1.007685 1.006239 1.002618 1.008268 1.008814 1.000985 1.004391 0.990990 1.004647 0.999017 1.005053 1.002890 0.995724 0.990980 1.008536 0.992546 0.999444 0.996873 0.995955 1.004781 1.009526 0.995203 1.003120 0.996017 1.001146 0.997887 0.993347 0.993233 0.994157 1.008119 0.999942 0.994401 1.008125 1.009930 0.998999 0.992792 0.993848 0.991814 0.996839 0.991822 0.994783 0.995167 1.001392 1.007745 1.004993 0.998256 0.998278 1.000483 0.997537 0.996764 0.991241 0.995550 1.009354 0.992517 1.000068 1.002593 1.007257 0.994319 0.995420 0.994969 0.997995 0.998917 1.009079 1.006974 1.007458 0.990436 0.990645 1.004190 1.007914 0.999465 1.001744 0.990004 0.997830 1.008537 1.006512 1.007109 1.009445 0.994969 0.992181 0.993088 1.000447 1.003642 1.008830 1.004435 1.002947 1.005296 0.999147 1.001030 0.990791 1.005646 0.994652 1.008398 1.002910 0.996076 0.992559 0.995036 1.002726 1.003972 0.992243 0.991407 1.000489 1.001658 0.997762 0.994472 1.002021 0.990209 0.996030 0.999214 1.009179 1.002892 1.007675 0.999506 0.994695 0.994941 1.009212 1.004093 0.996148 0.990436 0.999966 1.003489 0.998400 0.995145 1.003347 1.008503 0.994536 0.990682 0.996761 0.998411 1.003651 0.993962 1.005941 1.004783 1.000098 0.994104 1.009397 0.996234 1.006400 0.994616 0.994429 1.005209 0.995899 1.009039 0.999915 0.993746 0.994466 0.998341 1.003306 1.008975 0.992928 0.997869 0.994259 1.009482 0.992838 0.991037 0.991203 0.997866 1.007963 1.007672 1.004654 1.009951 1.008632 0.996585 0.993710 1.008718 1.004926 0.990638 1.003289 0.997572 0.997478 0.996634 0.993385 0.990057 0.995596 0.997029 1.009110 0.992474 1.009285 0.994148 0.997133 1.006431 1.006440 0.998649 0.990985 0.999469 0.997454 1.008390 0.993861 0.997285 1.007940 0.990606 0.998216 1.006236 1.005333 0.990813
0.990697 0.991252 1.008402 0.995140 1.004946 1.007971 0.996781 0.995446 1.009154 1.002340 0.995243 1.004333 0.996330 0.995513 0.990075 1.005113 1.008329 1.002680 1.008865 0.990485 0.994677 0.999504 1.009136 1.009078 0.997730 0.995021 0.998599 0.999869 1.008562 0.993659 1.006051 1.004770 1.006455 1.005456 1.002145 0.996556 0.996391 0.997237 1.005645 0.991580 0.993946 1.005058 0.994946 0.991295 0.990677 1.001052 0.996515 1.009605 1.007669 1.009756 0.995298 0.991682 0.991928 0.999970 1.004195 0.998939 0.994684 0.998337 1.002406 1.003482 1.004960 1.006940 1.003289 0.992423 1.006817 0.995876 1.001338 0.997459 1.004761 0.993984 0.994949 0.994907 0.993066 1.007683 1.001566 0.996527 0.997921 1.009849 1.000146 0.994628 1.006169 1.003067 1.009819 0.992047 0.999495 1.006382 1.006811 1.008288 0.990807 0.995874 0.992384 0.993791 1.009459 1.001664 1.008603 0.997445 1.007323 0.998982 0.995199 1.005556 1.008914 0.992116 1.001923 1.002399 0.994353 0.997374 0.992827 0.994080 0.995098 1.001988 1.003033 0.994069 0.990228 0.996545 1.003566 0.993703 0.996244 0.994068 1.005906 1.000961 0.991265 0.992028 0.997906 1.001003 1.002784 0.991823 0.993274 1.003908 0.998196 0.995666 0.996152 1.009064 0.996247 1.001330 0.997144 0.998329 1.007285 1.009932 0.997276 0.993944 1.004561 0.994073 0.990118 1.008033 0.998475 1.006407 0.998124 1.007657 0.999218 0.993251 0.990297 1.001031 1.002813 1.008196 0.991781 1.002444 0.997417 1.000089 0.992918 0.995666 1.000423 1.008510 0.992176 0.999810 1.006096 1.009338 0.993947 0.992533 1.008862 1.009511 0.999655 0.991067 1.008523 0.997758 1.008084 1.002407 1.006491 0.993206 1.005717 0.994442 0.998090 1.006927 1.006584 0.993659 0.994363 0.997995 1.000358 0.997672 0.992461 0.994941 1.004498 1.007946 0.990822 1.001247 1.005149 0.990763 1.006764 0.992355 1.001990 1.001001 1.002541 0.996124 0.998401 1.001652 0.998515 1.003177 0.998936 0.998767 0.990468 1.002378 0.999790 0.994705 1.005271 1.005599 0.999166 0.993591 0.999464 0.992142 0.992569 0.998612 0.991834 0.998839 1.000203 0.990815 1.002729 0.991645 1.004670 1.005553 1.000230 0.991085 1.000078 0.997557 1.009017 0.992724 1.007141 1.009922 1.004642 1.006300 0.993874 1.009635 0.999837 1.009133 1.008321 0.993302 1.005768 1.008612 0.991310 0.997018 1.005124 0.993175 1.007931 0.995500 1.006313 0.992871 1.000044 1.008398
0.994166 0.995257 1.000120 0.996382 0.990737 0.993642 0.993225 1.008728 1.003594 1.007908 0.993375 1.005697 0.992302 1.000614 1.002726 0.997196 1.007459 1.001104 1.001601 1.007651 0.992092 1.009859 1.002596 0.997885 1.005953 0.995295 1.009810 1.001547 0.997205 1.005293 0.998846 0.993535 1.004872 0.990966 1.006396 0.995073 1.002785 1.009681 1.001717 1.003274 0.996253 0.990036 0.990676 0.992987 1.002321 0.998645 1.000254 1.007911 0.992640 0.994545 1.003062 0.990446 0.990052 0.997099 0.992127 0.997143 0.994485 1.001672 1.001782 0.994084 1.002479 0.999498 0.992695 1.008732 0.994872 0.992986 0.991916 1.002764 1.007426 1.005643 0.998039 0.995285 0.990230 1.002899 1.001247 0.997007 1.002912 0.998875 1.008743 1.004670 0.994970 1.008070 0.990880 1.000631 0.998120 0.994753 0.991168 1.005577 0.990247 1.001018 1.008818 0.992845 0.993990 1.002162 1.000139 1.002831 1.006268 0.993493 0.996188 0.996005 0.990970 1.007787 1.005659 1.004308 0.990127 1.006889 1.004904 0.999305 1.004835 0.999050 0.994519 0.992106 0.994646 0.990776 0.996710 1.004993 1.003902 1.006907 1.004234 0.995320 1.001076 0.998721 1.005769 1.000465 0.995306 1.002840 1.009303 0.994340 1.007601 0.990305 0.995207 0.994722 1.004878 1.008894 1.004923 0.996537 1.007603 0.996571 0.994783 1.008151 1.002614 1.003857 1.003305 1.009580 0.999390 1.006794 1.003952 1.007150 0.998744 1.004492 1.001407 0.996155 0.994239 1.002452 0.991556 1.008216 0.992892 0.990538 0.992134 1.008579 0.996897 0.992837 0.990575 0.990833 1.003853 1.002678 1.003940 1.004736 0.991315 1.001809 0.997268 1.006351 1.006391 1.007826 0.991319 1.007356 1.008288 1.008887 0.992142 0.994114 0.992239 0.990689 1.006954 1.006240 1.002683 1.006501 1.002631 0.995747 0.991998 0.991957 1.005147 0.994100 0.996383 0.998475 0.990418 0.995134 0.995652 1.004315 0.997360 0.996417 1.009280 1.000075 1.007028 1.002366 0.990620 0.998258 0.998729 1.005461 0.996936 1.004093 1.000758 0.994331 1.007245 0.991818 1.006396 0.993407 0.990026 0.994041 1.005244 1.009557 0.990087 0.999816 0.999830 1.005935 0.993690 0.999892 0.996944 1.006637 0.995212 1.008877 0.995675 0.994294 1.003990 0.999966 0.992198 1.002731 0.991618 1.005758 1.003943 1.005739 1.002559 0.997112 0.998025 0.997892 1.007808 0.991723 1.007769 0.990503 0.994122 0.995264 1.008024 1.000024 0.997586 1.007680 0.994672 0.999218
1.000631 1.005090 1.005060 1.002926 0.996970 0.996533 0.993107 1.006862 1.003242 1.004840 0.993391 0.998776 1.005469 1.001583 0.992521 0.999240 1.007703 0.994759 0.993831 0.996030 1.004063 1.006873 0.993092 0.993120 0.994952 0.996531 1.000444 0.993218 0.996562 0.993785 1.009503 1.004575 0.992036 1.009248 0.992033 0.997685 1.009677 1.005898 1.004666 0.998698 0.993924 1.002760 0.992137 0.994129 0.997767 0.990679 0.997980 1.005820 1.003869 1.000010 1.002648 0.999266 0.992836 1.002074 0.998094 1.004819 1.008160 0.998601 1.001480 1.004982 0.998423 0.994571 1.004444 1.007602 1.005481 1.004002 1.007049 1.003592 1.002831 0.999078 0.996260 1.002566 0.991957 0.998392 1.005648 1.004263 1.002592 0.995001 0.998472 0.999104 1.002431 0.998187 1.003505 1.008604 0.993661 1.003090 1.005564 0.997774 0.999797 1.009492 0.990763 1.000867 0.993217 1.005636 1.008812 1.000384 0.992022 1.001491 1.000821 1.004346 1.000244 1.002785 1.006580 1.000434 0.998207 1.008959 0.994202 1.003687 0.997850 1.005254 0.992448 1.009689 0.997109 0.991132 0.995487 0.997994 0.990266 0.998372 0.998411 1.003965 0.997043 0.995303 0.994489 1.004829 1.008799 1.000542 0.994378 1.006030 0.997839 0.994240 0.992586 1.005532 1.006191 1.002686 0.999383 1.001241 0.994520 1.009277 0.997063 1.002776 1.006375 1.006324 0.999362 0.995887 1.000965 0.992503 1.006675 0.997095 1.007013 0.995348 0.997523 0.995071 0.998522 0.993718 0.990054 1.004436 0.995624 0.994899 0.996036 0.999591 0.998570 1.002746 1.003185 0.997249 1.008575 1.007089 0.991141 1.006558 1.008116 1.005681 0.992808 1.006627 1.002663 0.990300 0.990230 1.009035 1.003119 0.995001 0.992030 0.992855 0.994673 1.005526 0.996929 0.993053 1.008082 1.005833 0.993358 1.007823 1.002167 1.005626 1.003369 1.007878 1.005761 1.006776 0.993947 1.003856 1.000616 1.004838 0.998772 1.007654 1.001101 0.995290 0.994684 0.992787 0.999862 0.991169 0.999342 0.992888 0.999827 0.999964 1.000791 1.007258 0.990132 1.006815 0.999359 1.001251 1.003306 1.006811 0.997499 0.998376 1.009212 0.991508 1.002741 1.002723 0.990571 1.002194 1.003652 1.008630 0.996609 1.009634 1.000213 0.999694 1.007951 0.990678 1.004364 1.002506 0.996772 1.007234 0.997323 0.999491 1.000511 1.005411 0.994215 0.998704 0.998448 1.001081 1.006534 0.995858 1.006555 0.998075 1.000075 0.995434 1.000128 1.009500 1.003091 1.005839
0.996618 0.996342 0.995984 1.001729 1.002696 1.005684 0.990801 1.004454 1.007712 1.000908 0.990994 0.996008 0.990124 0.993799 1.008429 1.002174 1.003160 1.005781 1.008196 1.002235 1.002334 1.002536 1.003928 1.001926 1.003620 0.994250 1.003340 0.999158 1.005253 0.992027 0.993626 0.990740 1.005491 1.008282 1.003114 0.997377 1.006452 1.005731 1.001242 0.995160 0.996041 0.998436 0.996370 0.998614 1.002835 1.008677 0.991092 1.001350 0.990788 0.992377 1.006207 1.001506 1.008373 0.998929 0.990283 0.997743 1.001839 1.008754 1.009616 0.999509 0.998248 0.992041 1.002890 0.994246 0.993035 0.990311 0.990096 1.003675 0.992433 1.009327 0.991763 1.007391 0.992579 0.990356 1.004387 0.994845 1.004671 0.993748 0.991003 1.005480 1.004271 1.007110 1.004594 0.991686 1.002572 1.004185 0.999212 1.008647 0.995081 1.009286 1.004344 0.990228 0.990295 1.003014 1.006347 0.991594 0.996221 1.004589 0.993320 1.007219 0.999727 0.991196 0.997351 1.001499 0.998774 1.003538 0.992898 1.005947 0.997265 1.002898 1.002594 0.998359 0.997715 1.005725 1.008898 1.005692 1.001336 0.995848 0.991213 1.009479 1.004065 1.006548 0.996641 1.002116 1.009549 1.006626 1.002023 0.996172 0.998571 1.007762 0.997534 1.003696 1.002036 1.007922 1.006150 0.995666 0.990034 0.995261 0.998450 1.001733 1.006320 1.007749 0.990846 1.006665 1.006235 1.007344 1.001438 0.995477 1.007024 1.006141 1.003693 1.008275 0.996937 0.991701 1.001073 1.005948 0.994009 1.005004 1.008634 0.994681 1.002138 1.003553 0.999306 0.994132 0.995095 1.005023 1.005833 0.999194 0.991754 1.006131 1.005443 0.994657 1.001592 1.007939 1.007702 1.000437 0.999532 1.001787 0.993783 0.993846 0.993614 1.004021 0.997257 1.001289 0.998050 1.000344 0.992980 0.990892 1.009943 0.997481 0.992122 1.002655 1.005747 0.993123 1.001944 0.996898 1.000389 0.990411 0.990672 1.009808 1.007322 0.999726 1.001344 0.995232 1.005584 0.998519 1.008930 1.005345 1.006377 1.009269 0.995080 0.990757 0.994020 0.993615 0.991673 0.991020 1.001148 1.007413 0.999166 1.008944 1.008198 0.991284 1.001961 0.997948 0.992398 1.009186 0.995144 1.001290 1.002813 1.009128 1.003394 0.997862 0.998967 0.993195 1.009315 1.009834 0.994434 0.990773 0.995117 0.997040 1.008055 1.008091 1.006744 0.990941 1.005727 1.004192 1.002934 1.009709 0.991115 0.992896 1.005099 1.008788 1.003538 0.995976 1.001829 1.005158
0.992108 0.996478 0.995140 0.992483 0.999626 0.993372 0.994769 0.992863 1.003553 0.990252 1.004345 0.993902 0.990720 1.008554 0.994411 1.008680 1.007335 1.007774 0.992795 0.998945 0.991940 1.008576 1.006845 1.002567 0.999047 0.996796 1.006461 0.999551 1.002564 0.992855 0.994433 0.991135 1.004274 1.001067 0.992894 1.007414 0.995328 0.998236 0.993114 0.995422 1.006791 0.996690 0.993356 0.999820 0.996361 1.008063 0.992283 1.009572 0.991137 1.007901 1.003366 0.994223 0.999549 0.995725 0.995156 0.994032 0.997286 1.009820 1.009962 1.008502 0.991951 0.995789 1.007924 0.991150 1.004529 0.995870 1.009573 0.990321 1.006140 0.996818 0.992803 0.990038 1.006645 1.000532 0.993716 0.998705 1.008240 0.994365 1.001427 0.992761 0.993603 1.005409 1.004232 0.993934 0.991585 0.991748 1.002171 0.999910 0.995478 0.994121 1.002249 1.004155 1.006232 1.001659 0.994046 0.991314 1.004654 0.998162 1.004433 0.991107 1.006213 0.996704 1.006838 1.007290 0.999860 0.990309 1.008204 0.999532 1.007440 0.995325 0.993721 1.006632 0.997342 0.993270 0.997423 1.001898 0.990093 1.000396 0.998915 1.000313 0.992415 1.004292 1.006331 1.007309 0.996420 1.004224 0.997628 1.005026 0.991224 1.007456 1.009081 0.999896 1.000266 1.000610 1.000747 0.990414 1.009349 0.994474 0.993648 0.992054 0.995009 1.006343 0.990601 0.991929 1.003979 0.993902 0.990354 1.001988 1.001530 1.000458 1.004053 0.992057 1.007391 1.004342 0.990903 0.992461 0.999872 1.000015 0.995592 0.992441 0.998113 0.992739 1.001836 1.007222 0.992944 1.001457 1.004932 0.993286 1.006520 1.008752 0.997775 0.998410 1.006794 1.000512 0.997913 1.008826 1.005538 0.996771 0.994808 0.996702 0.998712 1.009624 1.006088 1.008255 1.006301 1.006953 0.991071 1.000347 1.009157 1.008687 0.994986 0.998443 1.002654 0.997289 1.000616 0.991385 0.998661 1.000095 0.990417 0.992788 1.009394 1.005532 1.008739 1.002664 1.006185 1.007687 1.007693 0.990687 1.002831 0.995315 1.003569 0.995469 1.000845 1.008488 1.002425 0.995012 1.000406 0.998674 1.009017 0.995750 0.996108 1.002950 0.992408 1.001886 1.009122 1.000276 0.995368 0.999328 1.000677 0.992968 0.992478 0.992627 0.995872 0.998131 0.995766 0.994868 0.991757 1.000926 1.006795 1.002199 1.001404 1.003007 0.994024 1.004207 0.999218 1.000961 1.002256 0.999379 0.996210 0.994845 0.994432 1.000249 0.997663 1.001714 0.990238 0.997053
1.126653 0.908490 1.019829 0.996993 0.924687 1.170629 0.928426 1.095245 0.880498 0.848380 1.129946 0.978995 0.846706 0.960761 0.978964 1.082395 0.863235 0.903808 1.160757 1.083523 0.879083 0.942956 0.948359 1.061370 1.040704 1.122497 1.112418 1.006219 1.083568 1.085148 1.090893 0.991333 1.099730 1.072993 1.145147 0.869545 1.129789 0.826513 1.092987 1.030042 0.999259 1.161960 1.025186 0.971269 1.099290 1.130466 1.037567 0.957847 0.983299 0.985266 1.078071 0.927522 0.961740 1.019373 0.959575 0.937698 1.100477 1.122348 0.999842 0.980411 0.889474 0.931411 0.875747 1.026401 1.028554 0.855775 1.147057 0.938353 1.120186 1.118354 1.160567 0.896508 0.974257 1.143701 0.828742 0.841605 1.022727 0.999068 1.147109 1.095719 1.013475 1.174415 1.006107 1.006043 1.064830 0.961331 0.950199 1.033152 0.947887 1.156765 1.061767 1.008837 0.859638 0.956045 0.965313 1.021469 1.025919 1.132942 1.162565 0.995350 0.979057 1.043611 1.173644 0.945148 1.010549 1.110560 0.884753 0.936327 1.167449 1.114110 1.004408 0.863679 1.138079 1.066461 1.112194 1.171587 1.135850 0.972310 0.879740 0.926474 1.004062 1.001711 0.890838 0.888843 1.045534 1.036095 0.948614 1.172812 1.047779 0.839810 0.968996 1.100672 0.932359 1.066744 0.826370 0.931560 1.119755 1.030170 1.058837 0.893828 0.999251 1.018637 0.918106 1.051384 1.011021 1.173988 1.026064 0.968885 0.867525 0.879870 1.090824 0.862326 0.860036 0.884688 1.007873 1.113099 1.039551 1.107310 0.846740 0.829372 1.094703 0.937988 1.075410 0.948846 0.884295 0.918314 0.859810 1.141349 1.028790 0.947113 0.982443 0.959980 0.844138 1.136689 1.028932 1.160864 0.978874 1.042062 0.912265 0.840393 1.150788 1.124150 0.935178 1.139604 1.110565 0.931287 1.035893 1.161010 0.998443 1.157399 0.910025 0.961428 1.076463 0.902489 0.933205 1.131358 0.994536 1.102465 0.910187 0.885714 0.950439 0.890293 1.165042 0.926745 1.021537 0.865210 1.011813 0.959959 0.966119 0.847906 0.868151 1.114039 0.947937 0.910728 0.891918 0.924255 0.908011 0.837221 1.057496 0.944497 0.879563 1.072055 0.857421 0.919384 1.117253 0.869728 0.980158 1.117710 1.106729 0.880728 0.948522 1.077863 0.956913 1.160441 0.897821 1.157829 1.001690 0.904546 0.983442 0.870831 1.072266 0.916266 1.139866 1.030647 0.953799 0.911188 1.037871 0.899390 1.130337 0.867976 1.004560 1.014907 0.919643 1.095111 0.959686 1.055133
1.023688 0.933776 0.961477 0.855113 0.886967 1.122851 0.937363 1.056962 0.863136 1.021697 0.951519 1.000128 0.928936 0.848069 0.933945 0.904249 0.869146 1.075842 0.923827 0.966182 1.143123 1.096249 1.133965 1.126448 0.871259 0.921782 0.835351 1.062869 1.057264 0.948000 0.969400 1.055672 1.069737 0.911947 1.121350 0.948240 1.045090 0.888580 0.865331 1.144440 1.081919 1.074405 0.839158 0.838999 0.881705 0.894331 0.931077 0.958260 0.838732 0.933821 1.048410 0.887885 1.118813 1.024558 1.075822 0.914148 0.977226 1.064515 0.947164 0.825340 1.116996 1.096766 0.925217 0.840036 1.123952 1.037586 0.841571 0.910560 0.863916 1.102003 0.898549 1.145068 1.087334 0.855148 1.068137 0.962772 1.086647 1.115060 0.923408 0.856477 1.156227 0.973392 1.150573 1.067067 1.083514 1.115496 1.044835 0.983473 0.844005 1.069389 0.974923 1.004158 1.149845 0.869676 1.091673 0.840292 1.070959 1.107007 0.916419 1.016241 1.164295 1.048131 1.015376 0.912392 0.845784 0.950239 0.969073 0.895494 0.933693 0.872794 1.072440 1.059617 0.908255 0.909599 1.005384 0.980761 1.152545 0.948011 0.929780 1.134640 0.874661 1.022144 0.941750 1.110387 1.016891 1.091181 0.884224 1.058286 1.034539 0.986413 1.093156 1.115910 0.865067 0.926269 0.951168 0.897251 0.846116 0.923309 0.893990 1.070568 0.981806 0.864546 0.938565 0.989031 0.952042 0.883833 0.850136 0.828785 1.172245 1.087656 0.854390 1.075999 1.168076 1.022279 0.863081 0.996107 0.976984 0.891433 1.015075 0.827906 1.146845 1.050577 1.044710 1.152337 1.053411 0.912994 0.911096 0.873528 0.834684 1.096053 1.118853 0.928710 0.890007 1.048335 1.121004 1.149347 0.883961 1.099616 1.115638 1.084813 0.939336 0.889590 1.113864 0.937054 0.953984 1.017897 0.954247 1.115987 0.908783 0.839439 1.023404 1.044874 1.111907 1.071951 1.141819 1.155727 0.998033 0.999836 0.880119 0.929850 1.028391 0.853081 1.065794 0.882273 0.980116 1.164434 0.856381 0.838980 0.978826 0.891785 1.078033 0.825981 1.119288 1.124365 1.100422 0.973906 0.924140 1.056569 1.005118 0.972423 0.943534 0.978543 1.058136 1.114125 1.141400 0.882563 0.928509 0.980104 1.022181 0.946836 0.893396 0.854765 0.938293 0.986166 1.164954 1.143047 1.127896 1.166029 1.161636 1.041954 1.108902 0.846003 1.061756 1.038202 0.928964 1.024894 1.158484 0.993256 1.051575 0.929759 0.945193 1.134786 0.834745 0.891096 1.062539 0.981571
0.854822 1.056169 0.955203 1.028269 0.970732 1.010492 1.022685 0.963720 0.864989 0.888176 1.136498 1.016840 0.864295 1.126761 0.913721 0.858238 1.010772 0.913040 0.996247 1.018907 0.904294 1.025447 0.864556 1.004615 1.030960 0.853080 0.967809 0.850716 0.978835 1.127217 1.017697 1.075112 1.089915 0.865115 1.171730 1.077560 0.860733 1.115574 0.962187 0.884939 1.161012 1.022062 1.096243 0.872881 1.096657 0.845144 0.907916 0.955321 0.830310 1.033008 0.899597 0.929975 1.072599 0.974091 1.136020 1.042410 1.130244 1.022036 1.146127 1.129771 0.883802 1.085902 0.944488 1.092266 1.063182 1.113971 0.867953 0.955555 1.083037 1.156810 1.077623 0.840226 1.036328 0.859876 1.017092 1.106057 0.864539 1.148875 1.061326 0.914111 0.892602 0.981369 1.118357 1.028481 0.864752 0.832335 0.863646 1.105242 0.889844 1.018986 0.926512 1.065507 0.958287 0.875485 1.131391 1.013452 1.066332 1.107866 1.157068 0.829830 0.944829 0.877827 1.000621 1.130571 1.105159 0.837411 0.888800 1.111404 1.062829 0.962398 0.991515 0.880399 1.120789 0.962696 1.130557 1.038796 0.851559 0.940245 0.900710 1.137895 1.031228 0.840280 0.884405 0.951345 0.988716 1.026965 0.960758 0.948789 0.827096 1.027707 0.941823 0.832179 0.985793 1.170239 0.840884 0.876040 1.059841 0.920433 0.920668 1.000001 0.916724 1.024136 1.009852 1.159936 1.172264 0.836939 1.021220 1.094819 1.130334 1.096004 1.046586 1.047118 0.952019 0.923554 1.103360 1.130485 1.153525 1.063467 0.931399 1.092166 1.083836 1.003117 1.047323 0.947650 1.017759 0.967087 0.846157 0.943026 0.938120 1.170947 0.993513 0.953550 0.910198 0.907185 0.947233 0.872467 0.827531 1.129842 0.983594 0.980931 1.024054 0.930844 0.884122 0.848214 0.930521 0.932974 1.079329 1.017945 1.153100 0.944164 1.147429 1.029171 0.853011 0.887560 1.028168 1.170612 0.949942 1.096054 0.974894 1.128908 0.848711 0.994581 1.139687 0.921555 0.915139 0.833075 0.882598 0.918818 1.071538 0.901410 0.964851 0.895122 1.036016 1.127425 1.051833 0.893849 1.081861 1.162099 1.035358 0.852758 1.108315 1.131431 0.944406 0.872833 0.890862 1.012929 1.131405 1.048962 1.148011 0.899279 0.939363 1.087264 1.052127 0.966861 1.062637 0.943221 0.845107 0.969995 0.840912 1.044209 0.942082 0.998026 1.034246 0.914956 0.987182 0.829760 1.148851 1.022449 1.170634 0.844606 1.039889 1.078447 0.940208 0.857707 0.879667 0.874930
1.093516 0.856454 1.109906 0.973131 1.013531 1.030971 1.019248 1.055076 1.035549 0.940794 1.084379 0.915241 1.074000 1.092158 1.096597 0.933238 1.095412 1.167085 0.983606 0.922392 1.008163 1.154329 0.871153 0.828164 0.991517 1.054376 1.095957 0.951875 1.171334 0.904859 1.089806 0.856469 0.834783 0.871950 0.846058 1.000648 1.019337 0.888637 1.153912 0.952963 0.877260 0.887100 1.083211 1.147510 0.881728 0.835165 1.097337 0.909905 1.168816 0.999628 1.047644 0.945480 1.105187 0.986035 0.938341 1.141225 0.862731 1.081685 0.847904 1.050911 0.965649 1.127421 0.845995 1.022470 0.968475 1.146695 1.155733 1.044493 0.903429 0.913175 0.916812 0.976828 0.905983 0.896122 1.090709 1.049948 0.929461 1.173009 0.900813 1.024333 0.879853 1.127074 1.129243 0.918547 1.088039 1.112990 0.923898 0.941035 0.994943 1.136839 0.881559 1.063971 1.034157 0.983567 1.027728 1.134000 0.898436 1.134249 0.951128 1.097935 1.127172 0.888804 1.127388 1.173188 0.929161 0.833548 0.864045 1.166018 0.828299 1.144062 0.877781 1.082606 0.859142 0.884060 1.063969 0.856581 0.943839 1.146476 1.075725 1.133683 1.167878 0.836520 0.907114 1.102239 1.066310 0.838256 1.001673 0.906070 0.975674 0.861704 0.831977 1.171773 0.935772 1.132500 0.867162 0.995574 0.872534 0.974966 0.887643 1.064887 0.876778 1.083374 1.000255 0.864327 0.948750 0.998693 1.146542 0.947305 0.900298 1.163625 1.134104 1.080989 0.920541 0.887027 0.917627 0.849122 0.840117 1.003063 0.967843 1.019817 0.951913 0.828707 1.065851 1.053590 1.015389 1.017084 1.066601 1.168826 1.130926 1.076216 0.964749 0.936393 0.971702 1.165528 0.960477 0.959895 0.968490 0.875068 1.174424 0.826838 1.037740 1.149199 0.914133 1.038818 0.956939 0.909267 0.894447 0.865658 1.120070 1.099389 1.142982 0.842329 1.067966 0.938531 1.051178 1.017132 0.935466 1.165065 0.825326 1.086172 1.123715 1.003545 1.032303 1.173162 0.907052 1.045330 1.085157 0.957592 1.074261 0.962733 1.009191 1.039485 1.062021 0.937748 1.045115 1.015074 0.903142 1.039381 0.917726 1.143061 0.990647 1.077546 1.007715 0.991816 0.902428 0.874731 1.149565 1.010062 1.008376 1.009616 1.109674 0.908525 0.885323 1.112660 0.986105 1.049184 1.114605 1.137909 1.128723 0.840141 0.958442 1.116242 1.111220 0.868062 0.878846 0.913019 0.860981 0.949826 1.106125 1.007473 0.983482 0.855800 0.963442 1.173937 1.068255 0.982260
0.992419 1.104399 1.090581 0.877458 1.063063 0.953424 1.007243 0.908170 0.954771 0.944033 0.958397 0.831218 0.895298 1.024692 0.845207 0.887450 1.076363 0.921108 0.938405 0.909641 1.116949 0.856965 1.047650 1.125612 0.895589 0.973101 1.102310 1.041252 0.955067 0.840365 0.979886 0.953511 1.074388 0.928336 0.967774 1.051865 1.108789 0.948323 0.959875 1.027545 1.148686 0.892063 1.164982 1.074164 0.955325 1.057960 0.940308 0.849773 1.089613 0.957791 1.009035 0.998810 1.140460 1.089963 0.833956 1.032472 0.986889 0.986762 1.118853 0.970212 0.990761 1.136623 0.978943 0.996945 1.004127 1.113635 1.059633 1.084157 0.965587 0.839206 1.062945 1.018847 1.094230 1.094457 0.866342 0.902248 0.851998 1.111118 0.860597 0.855888 1.088659 1.022545 0.844252 1.063344 1.073871 0.993977 0.844172 1.066855 0.971273 1.029380 1.174333 1.110897 1.130176 0.875934 0.942018 1.006377 0.827109 1.171038 0.921134 0.916820 0.934564 0.914258 1.125607 1.019493 1.003843 0.972077 0.842902 0.931571 1.128371 1.105690 1.124824 0.914980 0.895703 0.843238 1.012897 0.955832 0.987479 0.996145 1.029322 0.953005 1.105507 0.895093 1.146783 1.019645 0.842906 0.934993 1.011578 0.968125 1.022726 0.938244 0.920745 1.103631 0.927037 1.073695 1.105862 1.032232 0.984116 1.152201 0.980708 1.132322 0.845201 0.976802 1.048746 0.842137 1.126921 0.850175 1.033700 0.888058 1.147839 1.021371 1.105244 0.999376 1.060848 1.061235 0.928212 0.898859 1.118406 0.876021 1.146250 0.897418 0.860302 0.858332 1.099488 1.157805 0.970142 1.055608 0.915156 1.142057 1.065069 0.879193 0.844833 1.068498 0.839615 1.117644 0.927772 0.906434 1.028720 0.936555 1.021201 0.878896 1.144166 0.938537 1.119457 0.878164 1.104780 1.168034 0.962025 0.836530 0.957991 1.049274 0.903178 1.016002 0.857757 0.987559 1.079884 0.975450 1.062617 0.865030 1.114973 0.867745 1.148161 1.173645 1.153800 1.009217 0.926766 0.946782 1.087629 0.998793 1.150440 0.857547 0.994660 1.127397 1.034222 1.014251 0.855952 0.873898 0.919911 1.137573 1.120893 0.904512 1.148612 0.836341 1.034578 1.163574 0.945504 1.155540 1.054786 0.842519 0.941597 0.982368 0.911589 1.084823 0.887600 1.100704 0.929381 0.849299 1.020711 0.858484 1.018049 1.100796 1.033459 0.986489 0.836804 1.004678 0.859029 1.051384 0.871189 1.027297 0.948505 0.956149 1.057101 0.882360 0.884394 1.154541 0.941071 1.119804
1.130702 0.993086 0.877163 0.857905 1.132672 0.865975 0.998645 1.012595 0.866154 0.988735 0.882409 1.012414 1.002374 0.953415 0.894200 0.966301 0.896210 0.869490 0.908960 1.130035 1.000629 1.136713 0.830289 1.155159 0.995940 1.101867 1.024644 1.066136 0.905242 1.087515 0.878780 0.917461 0.835822 0.962644 1.006341 0.927185 1.136677 0.854514 1.027481 0.906871 1.033353 1.099404 1.073777 0.846748 0.911013 1.034712 1.169033 0.839428 1.041387 1.067144 1.110126 0.944725 1.108693 0.986626 1.147296 0.828768 1.154108 0.969189 0.967487 0.855817 0.910693 1.081814 1.062582 0.877932 0.945512 0.874130 0.894370 0.901875 0.940871 1.166592 1.174053 1.102056 0.992905 0.999065 1.097741 1.142834 1.088011 1.047736 0.894664 1.043804 1.121004 1.100316 0.857335 1.076106 0.947220 0.881780 1.163012 1.060451 1.085945 0.872229 1.114950 1.152996 1.141675 1.085737 1.116360 1.105759 1.031634 0.977362 1.113811 1.099551 1.129788 0.929640 1.161328 1.011085 1.156079 0.865543 1.163961 1.100618 0.913202 1.118430 0.906230 0.894305 0.985267 0.907825 0.997417 1.142842 1.064864 1.073639 0.962205 1.099345 1.102776 1.064000 1.154598 1.114019 0.967184 0.855484 1.053367 1.117690 0.943857 1.033203 1.117704 1.102532 0.826573 0.996169 0.830724 0.863709 1.109337 0.971530 1.036665 0.985119 0.942396 0.899780 0.948800 1.120588 1.041747 0.927246 0.855792 0.919853 1.070412 0.979711 1.056350 1.107496 0.867249 1.064033 0.839533 1.113028 0.889437 0.920018 1.160197 0.951831 0.903470 1.136450 1.038585 1.137865 0.963024 0.999888 1.159524 1.002364 1.170993 0.891307 1.115719 0.881775 1.009518 0.825123 0.886371 1.155752 0.984100 1.108288 0.912784 0.948306 0.860318 1.018437 1.126788 1.004853 0.956841 1.150014 1.137830 1.058208 0.851566 1.043406 0.980434 1.160246 0.951638 1.056407 1.046173 0.956552 1.007763 1.061793 1.142515 0.999341 0.952303 1.166669 0.844943 1.117185 1.064237 1.020095 0.981707 1.087876 1.136888 1.080102 1.087436 0.837288 0.938818 0.872947 1.158541 1.136995 0.875584 1.030642 1.026868 0.841335 0.962277 1.086581 1.049524 0.923305 1.091858 0.926910 1.015501 0.972246 1.167353 1.052080 1.106716 1.061774 0.958170 1.162058 1.073395 1.066798 0.922118 0.881656 1.026307 1.114056 1.102781 0.946536 0.873960 1.005598 1.132088 0.881752 1.083421 0.884737 0.934190 0.843724 0.929171 0.959040 1.163424 1.161744 0.890501 0.933291
1.155303 0.894073 0.937315 0.978404 0.862950 0.916074 0.962890 0.959931 1.162259 0.918397 0.896391 1.143072 0.982583 1.117988 1.047989 1.097526 0.935165 0.878225 1.089977 0.989577 1.020561 1.059712 1.088421 0.921386 0.951959 1.146121 1.010270 0.925931 1.045568 0.915904 1.094977 0.839466 1.114326 1.023266 0.948779 1.153973 0.917933 0.910182 0.849454 1.016991 1.088807 1.062323 0.969457 1.107717 0.863946 0.932432 1.050670 1.163553 1.046868 1.067206 1.096113 0.963074 1.154124 1.084858 0.944611 0.962399 1.107006 0.947402 0.890007 1.130069 1.011127 1.007418 1.059294 1.140530 0.871748 0.943555 0.848082 0.969622 1.000747 1.123177 1.058734 1.027238 0.966288 1.025803 0.920834 1.120678 1.100966 1.118441 0.877905 1.060043 1.088940 1.000200 1.139418 1.139585 1.085053 1.112343 1.052095 1.132534 0.870948 1.071438 1.071322 1.039323 0.921277 0.848559 1.036173 1.113486 0.920560 0.899579 0.903353 0.857844 1.061603 1.166189 1.105739 0.950901 1.069803 0.850263 1.118508 0.938800 0.826200 1.045234 0.873567 0.921271 0.845685 0.980995 1.019219 1.107581 0.838862 1.114587 0.863691 0.903565 1.045307 0.944035 0.940863 1.023958 0.901251 1.102714 0.898144 1.118792 1.108055 1.012974 0.835672 1.097331 0.834930 1.001634 0.973369 0.847070 1.045504 1.078586 1.029722 0.965049 1.004230 1.031064 0.904198 1.128679 1.173493 1.106460 1.161469 0.940299 1.170188 0.849984 0.992257 0.871810 0.983889 1.063934 1.072944 0.984129 0.944588 0.891470 0.966007 0.923903 0.892973 1.082598 1.005673 0.978515 0.894196 1.071308 0.893856 0.917962 1.021094 1.070430 1.165555 1.086678 1.156907 1.146981 1.077887 1.076829 0.846955 0.896974 0.829555 1.127247 1.077695 1.045566 0.917327 0.949383 0.882277 1.046280 1.172014 0.932012 0.840485 0.886310 0.949341 1.139645 1.106570 0.984270 0.860753 0.862345 0.878856 1.097115 0.989942 1.171700 1.144103 1.103162 0.991685 1.112669 0.869909 0.863103 1.022196 1.002778 0.898251 0.913179 0.832426 1.143105 1.073575 1.155859 1.168193 0.977862 1.081343 0.959453 1.109154 1.119481 0.871840 0.829506 0.899910 1.029871 0.957617 0.828194 1.115609 1.100115 0.987299 0.840138 1.136157 1.011964 0.849843 0.938178 1.043603 1.134860 0.994585 1.048814 0.897002 0.910194 1.142028 0.958914 0.861406 1.031928 0.869184 0.894967 0.984743 1.029938 1.047732 1.072445 0.978870 0.848645 1.078567 0.843818 0.989731 0.965076
1.060514 1.074808 0.908926 1.052338 1.067211 0.990100 0.874622 1.143159 1.034675 0.846960 0.908510 1.170395 0.905052 0.962307 1.100819 1.113338 1.046864 1.084562 0.838402 0.857829 1.166653 1.105952 0.838323 0.842038 0.909158 1.150740 0.901856 1.060158 1.150624 1.048524 1.146748 0.917034 0.878694 0.831378 1.089992 0.861336 1.165604 1.073493 0.890428 1.107472 0.881986 1.004244 0.862028 1.100433 1.136383 1.145723 0.825792 1.122995 1.019563 1.112473 1.000866 1.041946 1.033096 1.104827 0.852168 0.843983 1.015915 0.926838 0.963936 0.827671 1.085749 0.833425 1.115382 1.109043 0.985295 0.867754 1.052520 0.897497 0.975167 0.863640 1.166759 1.016141 0.948385 0.857911 1.080561 1.122405 1.121913 0.860496 0.953656 0.930953 1.091847 0.876738 1.037250 1.167499 1.094077 0.827430 0.851248 0.864784 1.067362 1.034568 1.007044 0.984468 0.967588 1.038857 1.052002 1.145741 1.081441 1.103793 1.144505 1.118016 1.075835 0.835718 1.063302 1.122492 0.975771 1.132348 0.887934 1.154961 0.979609 1.072272 0.913426 0.930187 0.946969 0.938545 0.858151 0.980008 1.168306 1.053906 1.151271 1.091816 1.117888 1.172993 1.088443 0.920969 0.912412 0.969346 0.832324 0.905773 1.135199 1.147316 0.940048 1.094646 1.096237 1.136436 1.103110 1.011206 0.861699 1.113905 0.934785 1.044442 0.953494 1.013048 1.162975 0.881390 1.010821 1.052479 1.013442 1.153281 0.967626 1.144824 1.066429 1.163602 0.856374 0.899330 0.925586 1.142287 0.829771 0.916066 1.075533 1.171396 0.886697 0.978297 1.065408 1.066723 1.086109 1.088596 0.911971 0.914995 0.834687 1.066902 0.898226 0.915832 1.162509 1.050153 1.031896 1.054641 1.034250 1.068221 0.931365 0.847379 0.848419 0.830088 0.951525 0.874781 0.864502 0.997793 1.164340 1.065639 0.920709 1.094302 0.887262 0.860031 0.931108 0.968130 1.066332 0.980725 1.079909 0.858195 1.151308 0.944821 1.116300 0.835744 1.115067 0.904190 1.124254 1.106005 1.059752 0.922177 0.828432 0.891482 1.141711 0.880312 1.055737 1.030444 1.056427 0.888213 0.875281 0.858986 1.168946 0.959054 1.053280 1.024366 0.903141 0.847680 0.830186 1.123392 0.870524 1.162077 0.952272 1.077924 0.873426 1.100793 0.913076 0.953181 1.008067 0.864015 0.911902 1.103588 0.924848 0.958271 1.092676 0.903394 0.892875 0.901657 0.959463 0.952872 1.049499 0.990127 1.129381 0.842700 1.057273 1.117749 0.907185 0.835288 0.978421 0.865545
0.985984 1.074033 0.857807 0.866219 0.992832 0.885836 0.905761 0.979093 0.866409 0.848767 0.951399 0.989209 1.152806 1.019176 0.850031 0.902842 1.085478 1.022005 1.129576 1.161861 1.125273 0.863517 1.155293 1.008694 0.908908 0.884727 1.127632 0.899335 0.854078 0.917856 1.148433 0.986327 1.080964 0.851052 0.983555 0.936237 0.896867 1.057027 0.951432 0.866898 1.169464 0.993553 0.887990 0.828808 1.053540 1.005131 0.833565 0.989606 1.084160 1.012995 0.906931 0.999648 1.036725 1.052898 0.875763 1.106272 1.155952 1.084131 1.125061 0.953705 1.140952 0.888605 0.904411 1.034285 1.140556 0.853688 0.900939 0.837568 0.978655 0.874170 0.892036 1.087125 1.029156 1.153805 0.965697 1.062692 0.829414 1.156939 0.906585 0.991968 1.004079 1.156909 0.997236 1.172148 1.042427 0.900733 1.116872 0.895668 1.174854 0.984802 0.904199 1.161424 0.937624 0.967443 0.945108 1.059034 0.833034 0.955881 0.881727 1.114810 0.825055 1.037638 0.915247 0.983956 1.021656 1.074107 0.873191 0.909154 0.867188 1.161088 0.877202 0.872979 1.007772 1.028495 1.135284 0.844925 0.907009 0.883626 1.029956 0.983347 0.968125 1.135931 1.056597 1.126077 1.159926 0.919127 1.154706 0.967713 0.843057 1.145172 0.861436 0.831128 0.926374 0.926139 1.163413 1.129658 0.972030 1.010284 1.122085 1.107467 1.053695 1.004481 0.865809 0.910311 1.055343 1.030202 1.105372 1.139570 1.161831 0.892440 0.851608 1.139140 1.024610 0.888534 1.067235 0.914480 0.907795 0.953194 1.008353 1.062090 0.850699 1.084448 1.043488 0.990089 1.060238 1.104859 0.828364 0.991371 1.062278 1.073193 1.051631 0.888086 1.160471 1.099992 0.906517 0.975724 1.160267 0.897503 0.968191 1.161557 1.140032 0.906374 1.082344 0.950887 1.057168 1.093408 0.869647 0.902899 0.900230 0.918110 0.837485 0.872599 0.967149 0.972275 0.852228 1.028823 1.154833 1.026936 0.949488 1.071552 0.978027 0.886397 0.993596 0.831165 1.061587 0.881328 0.954397 1.161869 1.093372 1.117439 1.049730 1.047105 1.071713 1.163213 0.893706 1.093167 0.930296 0.914518 1.112551 1.035394 1.122379 1.131295 1.031082 0.894411 0.830252 1.012198 1.078968 0.920353 0.849518 0.826662 0.885626 1.068560 0.826377 0.905489 0.917797 1.073885 1.170523 0.831761 0.864980 1.152113 1.164486 0.877016 0.942375 1.007814 0.937056 0.971085 0.992595 0.915481 0.844243 0.854375 0.881861 0.856988 1.043419 1.068820 0.917033 1.102109
1.080070 0.944594 0.997127 0.890938 1.150140 1.021131 0.842938 0.878872 1.067421 0.959832 1.075954 0.905295 1.104003 1.105698 0.857973 1.030176 0.891954 1.072717 1.106404 1.101944 0.905935 0.857663 1.057209 1.022760 0.873373 0.892453 1.028873 0.862763 1.046886 0.909323 0.915486 0.973217 1.011603 1.078550 0.835817 1.078526 0.902343 0.926782 1.048928 1.066923 1.040152 1.140638 0.896623 0.933898 1.056881 0.916275 0.880071 0.904209 1.094963 1.114447 1.075698 1.160548 1.103025 0.933388 0.935409 1.077416 0.844480 1.038224 0.856198 0.842176 1.004810 0.877938 1.151083 1.132048 0.986614 0.894198 0.866855 1.002379 1.007453 0.951994 1.075713 1.010242 1.096400 0.862176 0.849519 0.960460 0.994235 0.913410 1.058986 0.902658 0.936384 0.991914 1.074318 1.094612 0.955084 0.981396 1.149649 1.151871 1.041561 0.861732 0.984505 1.047883 0.922507 0.838082 1.168404 1.143379 0.870133 0.988054 1.041771 0.929992 0.848989 1.087738 1.094767 0.978074 0.854995 0.962851 0.857914 1.162233 0.842929 0.925811 1.093774 0.872264 0.862292 0.849724 0.882394 1.011149 1.116582 0.884190 0.885789 1.092737 0.974025 0.943311 0.868144 0.909989 1.165112 0.865943 0.915849 1.084229 1.137111 1.141489 0.990469 1.159739 1.036418 0.926047 0.987831 1.075613 1.081897 0.870372 0.892780 1.160385 0.862450 1.109693 0.943598 0.911773 0.914305 0.989225 1.171699 0.876983 1.124085 0.937434 0.885484 1.085660 0.944560 0.890633 0.971447 1.112586 1.127070 1.026212 0.828645 1.092199 1.037284 1.139790 1.158207 0.939471 1.121973 1.111619 0.918092 0.953044 0.956127 0.948508 0.957385 0.863585 0.904500 1.143337 0.968700 1.047534 1.135552 1.089455 0.910530 1.146854 1.106461 1.171725 1.079822 1.089194 1.109555 0.913626 1.054576 0.958235 1.118896 0.871757 1.013693 0.942743 1.112214 0.945847 1.120352 1.121757 1.132595 0.873681 1.153388 1.085488 1.061927 1.053360 0.841800 1.129554 1.016719 0.984494 0.943759 1.099018 1.098783 1.129447 0.899944 0.944154 0.912271 0.860139 0.939498 0.834096 1.103792 0.904483 0.849729 0.848681 1.084387 0.894454 0.986724 0.965646 1.105840 1.158923 0.933459 1.046305 1.138157 0.989666 1.139883 1.081808 0.934033 1.130881 1.025644 0.862059 1.030621 1.115225 1.006487 0.994409 0.970745 1.133162 1.057938 0.897777 0.951827 0.952148 1.160532 1.068567 0.868700 1.145015 0.837210 1.031805 0.976327 1.076117 0.975261 0.857317
1.000474 1.006408 1.005777 0.997132 0.994447 1.004896 1.006034 0.994380 1.007662 1.009849 0.998669 0.997612 1.004197 1.008595 0.994034 0.996035 0.996581 1.004644 0.993736 1.000937 1.000006 1.003369 0.992865 1.009133 1.009999 1.001222 1.005904 0.993667 1.008204 1.001028 1.005191 1.007369 0.997234 1.008480 0.994148 0.990468 1.000048 1.007973 1.008009 1.009099 1.000216 1.008653 1.001199 0.992874 1.002621 1.006068 0.998477 1.002042 0.995183 0.995520 0.998405 1.000264 0.999366 0.991847 0.990113 0.996804 1.004338 1.004967 0.994741 0.995112 1.000334 0.993509 1.002058 1.008083 0.994040 1.001710 1.004416 1.004984 1.004242 1.004212 0.995451 1.006767 1.008502 0.991051 1.008883 0.998853 0.991727 0.991393 1.005937 1.003553 0.992842 0.999199 1.002774 1.009952 0.996721 1.005332 0.994902 0.993977 0.993225 0.998203 1.002364 0.996064 0.993239 0.994370 0.991700 0.993862 0.996316 1.000091 0.993672 0.999594 0.998797 1.009460 0.999725 1.008896 0.999429 0.993959 1.001839 0.992893 0.993384 0.991466 1.004027 1.009340 0.998068 0.997082 0.998503 0.997040 1.003814 0.997838 0.993047 1.007287 1.001451 0.990128 1.006990 1.004569 0.997089 1.002599 1.008405 0.998033 0.998651 0.995964 1.001084 1.003255 1.004701 1.008986 0.992906 0.997317 1.007031 1.005820 1.001800 1.003545 0.996801 1.008897 1.000988 0.998050 0.993648 0.992308 1.007951 1.006010 0.990535 0.996464 0.999592 0.999914 0.997269 1.007903 0.996997 1.000639 1.008588 1.002783 0.999538 0.996652 0.997742 1.002183 1.005719 0.995212 0.997410 0.997754 0.997257 1.008259 1.000779 0.995516 0.996647 1.006429 0.993204 1.003799 0.990435 0.993863 0.991190 1.006112 0.992938 0.994560 0.991152 0.995277 1.004668 1.004403 1.008207 1.008939 1.001018 1.008439 0.991792 1.008502 0.998681 0.993859 1.004961 1.007172 0.997715 0.991863 1.007459 1.005071 1.001940 1.009536 0.990762 0.991119 0.992485 0.990436 1.004166 1.002602 0.992247 0.993241 0.993618 1.002185 1.003450 1.009391 0.997213 1.009580 0.998689 0.997818 0.995066 0.994653 1.009492 1.009898 1.004117 0.993502 0.993598 0.993045 0.997020 1.004744 0.991179 1.000604 1.003614 0.990671 0.998792 1.005818 1.001514 0.999032 1.007627 1.002020 0.996740 0.997919 1.008867 1.007188 1.008297 1.001216 0.992849 0.993501 0.997666 1.003813 0.990092 1.006041 1.005719 1.000297 0.990112 1.005962 0.998282 1.003386 1.001398 1.004568
0.998176 1.009199 1.009110 1.008579 1.002304 0.996327 0.997532 0.995379 1.008076 1.005844 1.005763 1.006425 1.009816 1.003760 0.996365 1.005151 0.995246 1.002218 0.993169 1.007153 0.999775 0.995502 1.008458 0.991659 1.008604 1.005139 0.992982 1.005221 1.001467 1.008144 1.001730 0.998546 1.008667 0.991745 1.005542 0.992058 0.995533 0.992274 1.007425 0.998836 1.004528 0.995132 1.004607 1.002975 0.991952 0.999877 1.004436 0.994290 1.003086 0.995558 0.997410 1.008399 1.008862 1.009958 0.998535 1.001435 1.006170 1.005171 0.999124 1.007272 0.998025 1.009000 0.999455 0.992372 1.004982 0.992898 1.003591 0.991071 1.009766 1.000819 1.004808 0.992623 1.002737 0.997530 0.994982 1.006299 0.990665 0.999558 0.991738 1.007028 1.007865 0.990688 0.999291 0.999381 1.004374 1.004583 0.996865 1.008656 0.993706 0.992733 1.006294 0.992402 0.993719 1.000003 0.996727 0.993276 1.008598 0.999478 1.005717 0.995004 1.008252 0.994423 1.008129 1.002257 1.009421 1.005423 1.002616 1.000659 1.007097 0.998871 0.991967 1.008275 1.006112 1.003640 1.004895 0.994641 0.999266 1.006458 1.009240 1.008465 0.993210 1.003677 1.001082 0.998103 0.993355 0.992742 0.999406 0.999863 0.995357 0.997353 1.001081 1.005238 1.001788 0.993243 1.007722 0.997354 1.009196 1.009633 0.992807 1.001646 1.009336 0.997701 1.000950 0.996277 0.990573 0.994091 0.992480 0.995685 1.002590 1.001260 1.008965 1.003709 0.997246 1.008988 1.002680 1.000865 1.007251 1.003398 0.997207 1.002096 0.996006 1.009385 0.994884 1.009458 0.991288 0.990197 1.001063 0.994115 1.000149 0.992363 1.006737 1.003381 1.003685 1.008533 1.009842 1.003564 1.004264 0.990036 0.990985 0.998531 1.009381 0.996260 1.001369 0.990177 0.998315 1.008051 1.001790 1.006487 0.990261 0.994055 0.993585 1.006646 0.992033 1.008641 0.995349 1.007610 1.000311 0.996470 1.009328 0.998101 1.003949 0.991346 1.006608 1.009624 0.992210 1.004925 0.995408 0.992958 0.997285 1.003236 1.009071 1.009879 1.009872 1.002466 1.003069 0.993222 1.004521 1.001025 0.997180 1.008002 0.995101 0.992833 0.993163 0.992987 1.001771 1.006017 0.993201 1.000056 1.001489 1.001209 0.998254 1.000872 0.990302 0.991162 0.998453 0.994735 1.005137 0.994838 1.006479 0.994830 0.991852 0.999549 0.997750 0.996710 1.005302 0.994446 1.003400 1.006694 0.999053 1.000062 1.008473 1.002081 0.993618 0.991390 0.991643 0.996633
0.991777 1.002977 0.998472 0.996170 1.000243 1.008733 0.994888 0.993094 0.996107 0.996486 1.008198 1.004124 0.998577 0.993319 0.990908 0.992448 1.006950 1.002961 0.993132 1.002504 0.991168 1.000138 0.996707 0.992049 1.004850 1.004335 1.000213 0.993362 1.003392 0.998666 1.003225 0.991829 1.008052 0.990071 0.994454 0.997967 0.993968 0.991756 1.003749 1.009877 0.996699 0.995324 1.003413 0.994452 0.998015 1.003769 0.998614 0.993115 0.991409 1.000860 1.009812 1.008399 0.991998 1.000046 0.999769 0.993880 1.003396 0.999912 1.006175 0.995839 1.008678 1.006291 0.999470 0.992826 0.999674 0.992541 1.003714 1.003949 1.001563 1.009526 0.990905 1.004305 1.006017 0.992258 0.996441 0.991075 1.001660 1.004460 0.996959 1.003909 0.997334 1.004244 0.995539 1.009563 0.998759 0.990072 0.991829 1.004522 1.007294 1.002735 0.993108 1.007441 1.004337 0.992304 0.997612 1.003430 0.990072 0.990846 0.997073 1.007493 1.009927 0.996366 1.008178 1.005721 1.007302 1.001765 1.009387 1.002882 1.008957 1.001317 0.993931 1.000375 0.999659 0.996748 0.997474 1.000210 1.001761 0.994451 0.995548 1.000058 1.000078 0.998376 1.003283 0.993709 1.000637 0.995516 1.005401 1.004074 1.005621 1.000348 0.994979 1.008512 1.000217 0.997504 0.995808 0.998041 1.004174 1.006371 0.999652 1.004622 0.994258 0.999041 0.997159 0.996128 0.997189 1.005094 1.004667 0.994148 0.994676 1.005688 1.003092 1.003523 1.002705 1.003870 0.995456 0.991217 0.997212 0.990647 1.009240 1.000495 1.003404 1.009330 1.006088 0.994586 0.996738 0.992171 1.005913 1.004742 0.999753 0.997385 0.995397 0.999744 1.004241 1.007908 1.006977 1.007353 0.998785 0.998425 0.996281 1.009484 0.993667 0.993156 0.995619 1.008441 1.007055 0.996630 1.007033 1.007815 0.998544 0.993846 1.005455 0.997493 0.992387 1.008056 0.998791 0.997950 1.001905 0.995106 0.990405 0.997801 0.997586 0.990222 0.997435 1.005225 0.996659 1.003592 1.002491 0.993768 0.990408 1.003487 1.002220 0.995876 0.994004 1.007107 1.008185 0.994667 1.001720 1.001493 0.996440 0.990728 0.996507 1.002888 1.002039 1.000201 0.992447 0.994256 0.996227 0.998329 0.997264 1.008046 0.992320 1.009728 0.994808 1.007132 0.994871 1.001745 0.997544 0.990759 1.005928 1.006209 0.995384 1.005523 0.999583 1.009740 0.991088 0.997606 0.994557 1.002499 1.005559 1.006843 1.000967 0.997745 1.005993 0.992092 0.995200 1.005054
0.998809 1.009860 0.991819 0.999237 0.994250 0.990043 0.991870 0.991820 0.997379 0.998652 1.000156 0.995786 1.004040 1.000322 1.009637 0.993385 1.000212 0.999874 0.997436 1.007224 0.994190 1.007552 0.997155 0.996710 1.002296 1.001267 0.995680 0.991689 1.009104 0.997388 0.992288 1.003130 1.000640 0.996551 0.996569 1.006900 0.996772 0.998348 1.009138 0.997217 0.998041 0.993240 1.003250 1.003296 0.998927 0.998118 0.994654 1.005799 0.999145 1.006638 0.997499 1.004670 0.990575 0.994394 1.009212 1.003646 1.003514 0.999940 0.999447 0.993951 0.993460 1.002905 1.003877 0.995174 1.002891 0.992723 1.002261 0.993433 1.000191 0.996280 1.001013 0.992680 0.999668 1.002332 0.992695 0.996173 1.003573 1.000924 1.002334 1.005599 1.001429 0.994444 0.998850 1.006603 1.001334 1.005062 0.997280 0.998969 1.009396 1.006443 1.003056 0.992130 1.002237 0.990664 1.008678 1.009441 1.004562 0.995351 1.006916 0.993544 1.006558 1.000414 0.990315 1.007805 0.998801 1.006604 1.003770 1.000655 1.007249 0.994061 1.007971 0.996776 0.990521 0.996731 0.991322 0.991443 1.002483 0.992416 0.993194 0.995852 0.995575 1.008402 1.008108 1.007401 1.009796 0.998804 1.005916 0.995619 1.008530 1.006214 1.004643 0.994553 0.991830 1.008501 1.001043 1.002247 1.007240 0.992870 1.003986 0.999280 1.005721 0.999119 0.993934 1.009127 0.995623 1.004897 1.006625 0.994956 1.003901 0.997922 0.994482 0.994345 1.009081 0.997364 1.000197 1.000025 0.990531 1.005071 1.004903 1.007519 0.997139 0.994195 0.996949 1.004644 1.003160 0.998121 1.000493 0.993082 1.008371 0.999437 1.000136 1.005740 0.993957 1.004450 0.997066 1.006249 0.991887 0.995519 1.002712 0.999648 0.997538 1.001573 0.994355 0.998747 0.990038 1.005973 0.995078 1.006614 1.001043 1.002030 1.002521 0.992509 1.005545 0.995841 1.007255 1.005727 1.003563 1.006304 0.998734 1.003467 1.009056 0.993782 0.992014 0.998239 1.000191 0.992982 0.994424 1.007331 0.997760 0.992978 0.993659 1.001550 0.993799 0.999501 1.000754 0.998793 1.000074 1.006736 0.990334 1.008599 0.993985 0.990766 1.005351 1.001399 1.000758 0.994352 1.005622 0.996128 1.004539 0.994565 1.001457 1.002964 0.997433 0.999599 0.991305 1.002867 1.003825 0.993068 1.001014 1.004661 0.992022 1.006778 1.007408 0.991010 0.994968 0.991681 0.995054 0.991726 0.999787 0.995007 0.996002 0.999230 0.997431 1.005770 1.004454 0.992282
0.994469 0.990165 0.996586 0.992163 1.003943 1.005607 1.009916 0.994180 0.990733 1.005138 0.998235 1.008622 0.997849 0.996249 0.991454 1.008958 1.000243 0.998814 0.998742 1.005372 1.006616 0.999520 0.993563 0.998126 1.007826 0.998154 1.003218 1.001194 0.999227 1.001496 0.994902 1.001148 1.007295 0.991597 0.997379 1.007613 1.009565 0.990266 1.002541 1.002641 1.006862 0.999400 0.992619 0.996005 1.004254 1.004566 0.994092 1.002852 1.003135 1.003156 0.990438 0.998832 0.996500 1.001944 0.996734 0.992563 1.003407 0.995739 1.005813 0.996114 1.000917 1.006162 0.992311 1.004623 0.991363 1.008725 0.990503 1.004481 0.997374 0.993594 0.997899 1.000026 0.998299 0.992447 1.000456 0.996002 1.009345 0.997662 0.998706 0.994561 1.009376 0.996435 1.002925 1.006651 0.997864 1.005106 0.995576 0.992191 0.990844 0.998979 1.007479 0.994061 0.998810 1.005256 0.995523 0.993053 1.000385 0.998508 1.008770 1.007948 0.994761 1.001217 0.998325 0.990677 0.998887 1.008312 0.996056 1.001723 1.004207 0.991261 1.008483 0.992184 0.996031 1.004317 0.990387 0.997509 0.992533 0.999467 0.990316 0.993022 0.994449 0.991630 0.991811 0.993890 1.000353 0.992739 1.006423 0.998337 0.995038 0.994820 1.006792 0.990938 1.004844 0.991952 1.008891 0.998164 1.001953 1.007265 0.992009 0.991280 1.003871 1.001752 1.004420 0.995556 0.999938 0.993733 0.998742 0.995633 1.001714 0.995981 0.995496 1.002850 0.991711 1.006024 0.999915 0.994577 0.992299 1.000176 1.000078 1.004390 0.997477 0.998245 1.007852 0.995476 1.009621 1.007851 1.009804 1.008865 0.995144 1.006287 1.002238 0.994080 1.009950 1.002954 1.006194 1.001161 0.991591 1.007266 0.993509 0.995182 1.002324 0.993880 0.999251 1.004272 0.991920 1.003213 0.992090 0.999513 1.002989 1.003747 0.990863 0.993822 1.009203 0.997821 0.998497 0.997492 1.003924 1.004809 1.003004 0.998047 1.001391 1.000308 0.993758 1.008989 1.009297 1.005548 1.009851 0.999312 1.006782 0.994813 1.004854 1.004299 1.008772 1.006668 1.007586 0.995353 1.005749 0.999506 0.996250 0.997369 1.005978 1.006855 1.006893 1.003389 0.993406 0.993113 1.001360 0.994240 0.996731 0.992049 0.993096 1.004341 0.994473 1.006958 0.996582 1.006977 0.996052 0.995350 0.997896 0.990242 0.998711 0.997598 0.990253 1.007231 0.997503 0.990009 1.009207 0.994568 0.995060 0.990486 0.991991 1.004196 1.001640 1.000081 0.994923 0.995735
1.009402 0.997445 1.009789 1.007734 0.992492 1.006963 0.990421 1.004220 1.006192 1.003910 1.000996 1.006257 0.993088 1.000796 0.995317 0.997983 0.993826 1.004166 1.001462 1.005585 1.002565 1.001984 1.008438 1.006249 1.001335 0.996522 1.008557 0.997422 0.992042 0.996666 1.004128 1.008626 1.002914 1.003250 1.008746 1.005558 0.998909 0.999236 1.005193 0.996354 0.992196 1.002393 1.006179 0.994965 1.003674 1.007851 0.992553 0.992715 0.999860 0.996687 1.008988 1.009934 0.998912 1.005862 1.002634 0.993469 1.009436 0.993490 0.991520 0.999051 0.990357 0.999615 0.998241 1.009087 0.998273 1.006995 1.005595 1.001726 0.994756 0.996097 0.999830 0.997902 1.002912 1.000107 0.996460 1.002136 1.009931 0.994051 0.996713 0.990241 0.991875 0.991109 0.998458 1.006730 1.003954 1.009322 1.006739 1.001717 1.001608 0.990251 0.997671 0.995233 1.002414 0.991310 1.000846 0.997511 0.999840 0.998088 0.992044 1.004630 1.006007 1.001964 0.992316 1.001983 1.007420 1.009732 1.005170 0.990915 1.007570 1.003300 0.995531 1.008402 1.006522 1.007903 0.994950 1.001539 0.997578 0.995919 1.005225 1.002330 0.996636 1.000860 1.008567 1.001335 1.008270 1.001321 1.009844 0.990583 0.999199 1.001045 1.004536 1.009375 1.002466 0.999560 1.002685 1.000668 1.004099 1.008939 0.990278 0.996408 1.007527 0.991193 1.005806 0.990618 1.002964 1.006006 0.994762 0.997624 0.994528 1.004095 1.000576 1.002112 0.996510 1.001734 1.009089 1.005584 1.009035 0.994944 1.000321 0.997714 0.996921 1.006068 0.993500 1.001171 1.005481 1.008710 0.990372 0.995414 0.999861 1.008727 0.993263 1.006816 0.997944 1.000956 1.008560 0.991285 0.996590 0.993116 0.992676 0.996072 1.004015 1.001608 0.992436 1.006030 1.000146 0.992863 1.006409 1.006416 0.994335 1.008791 1.006207 0.994582 0.990020 1.007347 1.006521 0.991952 1.005329 1.005463 1.002675 1.006650 1.009696 0.996556 1.006678 1.008419 0.996271 1.003670 1.003687 1.006977 1.001337 0.995513 0.995033 1.000856 0.992707 1.007191 1.007784 0.994846 1.003945 1.003464 0.992437 1.005568 1.005327 0.996127 0.991963 0.995637 1.005432 0.999334 1.006307 0.993192 0.992130 0.996980 1.007597 0.993237 0.991468 1.005057 0.991826 1.003355 0.991669 0.994937 1.003272 1.007472 0.998184 0.998992 0.990622 0.996813 0.994841 1.005774 1.004285 1.005688 1.000635 1.003988 0.992544 0.997701 0.995859 0.995644 1.004784 0.994283
0.996507 0.995648 1.007280 1.002770 0.999613 0.997597 1.008432 1.008788 0.998993 1.001337 1.007250 0.995128 0.995173 0.992062 1.000040 1.005369 0.993131 0.998649 1.009813 0.999624 0.997648 1.006789 1.007842 0.997522 0.992470 1.002731 1.004808 1.008465 1.003201 0.996154 1.000299 0.995755 0.998920 0.999363 1.008244 1.008118 1.008527 0.999561 1.009288 0.992779 1.008422 1.002805 1.007450 0.998267 1.009818 0.990500 1.006957 1.006390 0.997484 1.006574 0.994273 1.005050 0.999369 0.998222 0.993931 1.006001 1.004619 0.991780 1.009560 0.994426 0.997505 0.998294 1.001530 1.007805 1.008903 1.002664 0.997311 0.992149 0.991376 1.000377 1.001664 0.998944 1.009649 0.998272 0.997020 0.998362 0.993435 1.008783 1.001819 1.000855 0.998517 0.995001 0.996308 0.999872 0.998926 1.009586 1.001262 0.994140 0.991074 0.993183 0.996916 1.005649 1.007784 0.994728 1.005606 0.998833 1.000750 1.000658 0.990851 0.991324 1.003351 1.003782 0.997607 1.008381 1.006399 0.996039 0.991339 1.001067 1.003087 0.994488 0.990877 0.999742 0.990684 1.004735 1.002510 0.995584 0.998914 0.994659 0.993719 0.993629 1.006313 0.999066 1.004310 0.996951 1.006137 1.001917 1.003081 0.997855 1.001236 0.993813 1.009475 1.003444 1.000649 1.002775 0.992003 0.996689 0.994613 1.006862 0.990258 0.998893 1.007372 1.005652 1.004376 0.996030 0.994646 1.004086 0.995973 1.004462 0.997000 1.005212 1.001461 1.006309 1.009713 0.997572 1.009730 0.990199 1.007546 0.990596 1.000905 0.997765 1.005397 0.996301 0.994165 1.005681 1.001007 1.005113 0.999787 0.990732 1.005424 0.994362 0.999436 0.990011 0.995180 1.003312 1.005284 1.002729 0.998865 1.004655 1.003378 0.994120 1.000703 1.001957 1.004576 0.993955 0.996215 0.996859 0.991919 0.996970 1.004591 1.001552 0.993459 1.004633 0.992335 1.005024 0.992954 0.991929 0.995035 1.000300 0.995401 1.007682 1.008767 0.995667 1.004998 1.003912 1.001223 0.995098 1.008991 1.009130 0.990263 0.996602 0.996421 0.993969 0.998605 1.007964 0.990478 1.006716 0.996179 0.990271 1.007994 0.995446 0.994242 0.992334 0.997344 0.992391 0.993594 0.995002 1.001567 0.998924 0.996101 1.000519 1.005483 1.004481 0.996870 1.008360 1.005825 1.001235 0.999511 0.996592 0.992682 1.007711 1.002167 0.991973 1.008510 1.007742 0.990672 1.004012 0.994764 1.000712 1.006684 0.997011 0.999967 1.003306 0.993847 1.002530 0.998504 1.009650
0.993753 1.004221 0.990824 0.995483 0.992355 0.992978 1.000565 0.993489 1.005895 0.991926 1.002460 1.007220 0.992531 0.994349 1.005298 0.999405 1.008643 0.996759 0.997960 1.009151 0.996877 1.009327 1.007820 0.994006 1.000916 1.008824 0.992347 1.006976 1.005484 1.004987 1.002016 0.992000 1.009168 0.992047 1.005671 1.004465 0.996348 1.003693 0.998212 1.005015 0.990867 1.008669 0.997689 1.006064 0.999432 1.006247 0.996023 1.000902 0.990504 0.999785 0.991584 1.007184 1.003546 0.998501 1.009486 1.008935 1.009135 0.991649 1.004082 1.004551 1.002119 0.990316 1.008477 0.998771 1.001900 1.006294 0.995504 0.990584 1.008468 0.995411 0.990823 0.992734 1.009896 1.004795 0.994198 0.992930 1.007954 1.003296 1.001660 0.992623 0.998266 1.008930 0.990066 0.998383 0.991141 1.009955 0.992088 1.009074 1.006824 1.004634 0.990845 1.003908 0.999860 0.999825 0.992904 1.000245 1.006041 0.992629 1.007522 0.998399 0.995323 0.994784 0.999195 1.002950 1.001397 1.007801 1.000229 1.000252 1.009778 0.994304 0.990332 0.996570 0.996263 0.992479 0.998363 0.990693 1.008417 0.999687 1.007576 1.003950 1.004597 1.005171 0.996032 1.004582 0.994121 1.001097 1.001907 1.005511 0.993355 0.996882 1.006485 1.006091 1.009559 0.992366 0.994203 0.992133 1.004474 1.004909 1.002962 1.005591 1.000319 1.001246 1.008421 1.002966 1.003120 1.001776 0.999878 1.005137 1.001452 0.992580 0.998517 0.998427 0.998645 1.001220 0.997234 0.997823 0.998537 0.997429 1.009438 0.991807 0.990339 1.004430 0.997904 0.998978 1.001836 0.997340 0.994784 0.990307 1.007476 1.008780 0.995718 0.999304 0.996477 0.991167 1.007853 1.006729 0.994821 0.995096 1.003964 1.005935 0.999393 0.997749 0.994671 1.005965 1.007271 1.007159 0.992287 1.001875 1.009704 1.004303 0.999185 0.992902 0.991210 1.004637 0.991372 1.006179 1.003313 0.999470 1.007832 1.008652 1.002332 0.991994 1.001771 0.998419 0.994992 1.008573 1.004605 0.992435 0.994579 0.996852 1.001459 0.996495 0.998792 1.006268 0.993636 1.004402 0.996613 1.008891 1.009036 0.996549 1.002121 0.992216 0.998209 1.002466 1.002763 0.996852 0.990678 0.992484 1.001210 0.993423 0.996122 1.002368 1.008015 1.000305 0.995093 1.001718 0.995513 1.005646 0.993121 0.995240 0.998773 1.008163 0.993308 0.993847 0.992634 0.994274 0.996645 0.997902 1.005193 0.998076 0.999502 0.997929 1.005484 1.008064 0.998510 1.008426
0.987532 1.024268 1.002021 1.010228 0.995573 0.990460 0.984015 1.021898 0.995983 1.013308 1.001785 1.005450 0.989829 0.988706 0.997030 1.014655 1.008109 0.981419 1.017195 1.003667 0.985810 0.995706 0.993639 1.024545 1.011243 1.000420 0.996843 0.999304 0.999078 1.002713 1.025251 1.025459 1.021251 1.030900 1.019654 0.992934 0.989779 0.996060 1.001036 1.014829 1.029794 1.018251 1.010715 1.001600 1.038836 1.027670 1.007311 0.992789 1.039821 1.003759 1.033564 0.997263 1.024265 1.009640 1.036466 1.007069 0.997442 1.002530 1.033048 1.041863 1.025244 1.027343 1.007510 1.007173 0.998024 1.043057 0.996112 1.024679 1.011667 1.003610 1.016172 1.041000 1.006933 1.002852 1.026164 1.027606 1.020342 1.003839 1.038608 1.000475 1.003665 1.007069 1.020684 1.018817 1.022679 1.031340 1.039676 1.018368 0.997020 1.036429 0.995765 1.010691 1.001888 1.024781 1.033693 1.000960 1.009150 1.036894 1.028696 0.999557 1.028342 1.033603 1.014202 1.001406 1.026452 1.009315 0.999892 1.001278 1.013002 0.999050 1.011782 1.019912 1.019756 1.012141 1.031759 0.995934 1.007817 1.037773 1.034095 1.036688 1.028674 1.016955 1.029297 1.018291 0.995284 1.001911 0.993745 1.032355 1.004422 1.008411 1.014659 0.992500 1.022449 1.026636 1.026357 1.030294 1.001794 0.992883 1.023368 1.019623 1.003213 1.001468 0.991651 1.025223 1.006319 1.023547 0.999582 0.998305 1.007555 1.018817 1.025316 0.998483 1.015130 1.000280 1.022803 1.017367 1.006758 0.996749 0.991941 1.022128 1.017552 0.992390 0.980992 0.986136 1.024216 0.977589 1.015751 1.001321 1.002196 1.001096 0.994257 1.001233 0.977492 1.018610 0.977390 0.978809 1.005125 1.003170 1.011095 1.005023 1.016560 0.972247 0.969832 0.980785 1.007526 0.975858 0.994435 1.006039 0.974985 0.993201 1.011522 1.003518 0.985707 0.989422 0.979038 1.012848 1.003627 0.998198 0.979072 1.000143 0.987582 1.002853 0.980835 1.006427 0.996291 0.984306 0.989630 1.001461 0.987404 1.008693 0.960781 1.005028 0.995621 0.984140 1.001924 0.966638 0.975851 0.994442 0.999698 0.976964 1.007820 0.990346 0.959987 0.963692 0.961171 0.985678 0.973107 0.969906 0.979076 0.960455 1.001849 0.998180 0.984073 0.978240 0.971323 0.985932 0.973032 1.004372 1.003317 0.991764 0.996653 0.959051 0.961410 0.972453 0.961436 0.976215 1.004360 0.996754 1.002950 0.966085 0.966091 0.956173 0.968698 0.957857 0.981464 0.970118
1.008688 1.003430 1.005621 0.991123 1.013247 1.011341 1.012971 1.001187 1.001198 0.992675 0.980752 1.002417 1.010296 0.989158 1.023218 1.024530 1.023620 1.022105 1.006074 0.990798 0.995919 1.019593 1.032289 0.988964 0.984055 1.001744 1.001877 1.014629 0.990689 1.027589 1.002619 1.031461 1.002808 1.001921 0.995750 1.035543 1.017027 1.029126 0.991284 1.015559 1.025343 1.038156 1.036061 0.994687 1.008412 1.039940 1.016992 1.038337 1.003400 0.992233 1.038490 1.004589 1.019644 1.009849 1.020898 1.038906 1.039748 1.036438 1.005600 1.033982 0.994016 1.014073 1.040611 1.006278 1.012047 1.022908 1.005773 1.029480 1.026796 0.999027 1.040377 0.998037 1.029372 1.012041 1.001870 0.998653 1.044696 1.034842 1.017840 1.034663 1.043450 1.041300 1.021620 1.008745 1.020925 1.044058 1.031487 1.028441 1.037069 1.015331 1.022788 1.037229 1.004691 1.037614 0.995827 1.021371 1.023176 1.001656 1.040340 1.016103 1.003274 1.014480 1.023344 1.015093 0.993647 0.997974 1.028862 0.999636 1.005650 1.033082 1.035607 1.036421 1.000875 0.992213 1.029463 1.021487 1.009552 0.992032 1.012455 1.002505 1.019809 1.039200 1.000386 0.993417 1.024132 0.994525 1.000021 1.010559 1.037624 1.004253 1.003541 1.011214 0.995275 1.006972 1.021566 1.002443 1.025746 0.994829 0.990366 1.016322 1.007281 1.030210 0.989224 1.020941 1.016779 1.001461 0.989011 1.012839 1.019805 1.005170 1.004806 1.015106 1.010928 1.001262 0.989035 1.002545 1.006485 1.023448 1.027994 1.005719 0.993934 0.988269 1.008280 1.013304 0.988394 1.010146 1.025212 0.994450 1.021438 0.995951 1.006354 1.016697 0.983161 0.989894 1.021449 0.975134 0.986809 0.994953 1.008002 1.001921 1.016517 1.003144 0.969375 0.972506 0.970411 0.989807 0.969223 0.993820 0.998802 0.976941 1.009292 0.986825 1.013805 0.983365 0.996143 0.991913 0.977647 1.003169 0.964064 0.976030 0.979280 1.007049 0.987672 0.964175 0.977011 0.992252 1.001934 0.966671 0.999911 0.980209 0.986628 0.981222 0.981835 1.009196 1.005383 1.005094 0.995756 0.993754 0.965606 0.960081 0.999658 0.991566 0.989254 0.973171 0.970709 1.003223 0.983615 0.957840 0.973719 0.973991 0.959785 1.005172 1.001287 0.996755 0.956115 0.976669 0.961272 0.991888 0.995980 0.994897 0.994941 0.961329 0.955896 0.959816 0.997246 0.996549 0.980864 0.966763 0.997862 0.961022 0.971247 0.955099 1.004158 0.975782 0.993614 0.995166
1.004050 1.024724 1.014479 1.022485 1.024676 0.980987 1.014787 0.988945 0.994235 0.995453 1.028174 0.982132 1.001231 0.986257 1.030089 1.005386 1.016035 1.007306 1.020016 0.998839 1.003034 1.019932 1.018190 1.027786 0.999206 1.026493 1.021274 1.013407 1.005479 1.013747 0.989558 0.990888 1.001912 0.992820 0.989395 1.023100 1.024122 1.018634 0.998428 1.024514 1.029983 1.019923 1.000602 1.017724 1.009487 1.003451 0.997677 1.033732 1.022341 1.037589 0.999784 1.004608 1.017078 0.994774 1.007132 1.019219 1.016493 1.038067 1.021633 1.024809 1.022354 1.032521 1.011724 0.993580 1.042711 1.033439 1.000277 0.999653 1.005284 1.027176 1.000924 0.995461 1.019253 0.994928 1.007637 1.013863 1.005070 0.994981 1.007898 1.007121 1.011172 1.015705 1.012987 1.011203 0.995956 1.036854 1.031887 1.019597 0.995064 1.006550 1.039871 1.017653 1.005000 1.035666 1.039171 1.000628 1.019486 1.022403 1.000106 1.010102 1.024933 1.027577 1.025198 1.024655 1.012399 0.996796 0.994009 1.034921 1.036118 1.037959 0.996326 1.030809 1.000742 1.009266 1.001766 1.034540 1.032280 1.032738 1.009953 1.037451 1.003414 1.018876 1.023587 1.001348 1.008492 0.994153 1.028705 0.997815 0.995120 1.001934 1.019761 1.019313 1.013393 1.029534 1.024173 0.996730 1.012662 0.994080 0.997378 0.992312 0.988485 1.001816 1.028291 1.016436 0.987673 0.993895 1.012174 1.008733 0.983224 0.986235 1.009479 1.010880 0.984477 1.018735 0.991748 1.008825 1.005477 0.995627 1.025570 0.997660 0.998666 1.004144 1.018740 1.025763 1.014483 1.002561 1.011094 1.006782 1.022462 1.022652 1.011744 0.984190 1.001418 0.994594 0.983806 1.010944 0.982557 1.006615 0.995226 0.991737 1.005360 1.005904 1.018783 1.018884 1.008578 0.981419 1.001331 0.992297 1.014194 0.989180 0.984357 0.967439 0.989316 0.992098 0.980559 0.970081 0.988697 0.967706 0.972447 0.985750 0.980651 0.987946 0.989148 0.981773 0.968736 0.962694 0.989464 1.009725 0.975012 0.978269 0.976391 0.997290 0.984576 0.999467 0.959692 0.965831 0.969276 0.977191 0.978501 0.977587 1.006398 0.979875 0.986501 1.005707 0.989449 0.986914 0.998424 0.973571 0.958494 1.004428 0.983122 0.985375 0.959472 0.993269 0.974590 0.987943 0.969874 1.001506 0.973951 0.969208 1.000049 0.966420 0.968774 0.979521 1.004170 0.960868 0.965576 0.994821 0.958772 0.975720 0.994153 0.990639 0.994671 0.960895 0.999550 0.972939
1.015710 0.998961 1.020321 1.000028 0.989397 0.984416 1.002080 0.980122 0.986206 1.022108 1.007439 1.022275 0.987028 1.003867 1.003646 0.985971 0.994113 1.027391 1.017834 1.007459 1.012837 1.025755 1.030749 1.013132 0.986260 1.027671 0.992648 0.996752 0.991924 1.011005 1.014845 1.009044 1.009846 0.993699 1.022861 1.014133 1.003002 1.029525 1.035082 1.034534 1.037936 0.992410 1.008660 1.011990 1.002581 1.027192 1.035498 0.997419 1.016034 1.039330 1.035618 1.013939 0.996847 1.014634 1.017899 1.031500 1.001706 1.006560 1.041997 0.993519 1.023647 0.998003 1.030932 1.014726 1.039958 1.004985 1.037816 1.005438 0.996554 0.998587 0.998178 1.013894 1.043144 1.012362 1.030529 0.996467 1.020601 1.021827 0.999799 1.023926 1.017264 1.011352 1.036515 1.029567 1.001016 1.000296 0.997594 1.008123 1.026751 1.043309 1.043280 1.038014 1.000953 1.034264 1.032706 1.018153 1.044217 1.024290 1.000157 1.004929 1.000505 1.024425 1.024982 1.036530 0.994014 0.993845 1.041838 1.006151 1.006087 1.036040 0.998094 1.031986 1.036987 1.020067 1.022175 0.991836 1.021658 1.021794 1.029430 1.016509 0.996106 1.001297 1.022573 0.993640 0.994748 1.001686 1.028691 1.015924 1.006164 1.036228 1.016798 0.999387 1.015432 1.029630 1.004977 1.007968 1.014798 1.034970 1.017216 0.994022 1.013737 1.000369 1.007635 1.019277 0.984299 1.008323 0.998301 1.012197 1.022927 1.004901 1.012668 0.995257 0.993258 1.005598 1.006357 0.990530 1.017248 1.003602 0.996030 0.990562 1.019348 1.022235 1.023665 0.988781 0.979565 1.007208 0.976489 1.017689 1.008450 0.990966 0.995816 1.007514 0.981003 0.990868 1.011585 1.005907 1.000767 0.976291 0.981615 0.983220 0.971599 1.001659 0.997938 1.015153 0.996302 1.014145 0.991315 0.993398 0.981238 0.990041 1.013325 0.990531 0.965916 0.983159 0.975035 0.995997 0.989958 0.987962 1.010219 1.001674 0.967609 0.964474 0.997679 0.992187 0.994680 0.986794 0.963283 0.983803 1.002720 0.990776 0.962630 0.966387 1.005151 0.986917 0.967657 0.994529 1.005206 1.002002 0.990796 0.998679 0.962492 0.981088 0.998237 0.974606 0.964548 1.000463 0.992241 0.957224 0.959876 0.984409 1.004101 0.987156 0.999947 0.961277 0.984701 0.964879 0.972290 0.963061 0.978701 0.957738 0.988184 0.987607 1.000464 0.993578 0.958905 0.998534 0.982203 1.001841 0.979615 0.959067 0.990204 0.963664 1.004217 0.981994 1.000170 0.979717
0.991323 1.008491 1.011244 0.999135 0.990285 0.997901 1.012994 0.989053 0.985897 1.002576 1.011647 0.982451 0.993060 1.028431 0.993573 1.019174 0.996224 0.985590 1.005968 1.025487 1.021221 0.985115 1.018228 1.014446 1.007858 1.017316 1.010505 0.993895 1.019847 0.991841 1.001210 1.028612 1.014756 1.012210 1.022456 1.011882 1.006755 1.015455 0.989246 1.005991 0.990663 1.038751 1.034625 1.022183 0.997661 1.032760 1.004398 1.030726 1.023280 1.021204 1.028252 1.004769 1.033324 1.018946 1.029872 1.034202 1.005131 1.013121 1.010842 0.996783 1.036876 1.027535 1.017897 1.020814 1.037675 0.997308 1.011834 1.028377 1.020904 1.019142 1.007308 1.005612 1.028058 1.011671 1.041565 1.039849 1.043322 1.008687 1.020622 1.000150 1.012924 0.998708 1.020073 1.042848 1.033120 1.013182 1.008785 1.041526 0.997556 1.037136 1.037640 0.998233 1.042287 1.026976 1.014044 1.015781 1.024858 1.020685 1.037633 1.038895 1.010350 0.994337 1.032708 1.026024 1.026253 0.997070 0.996994 1.037974 1.011071 1.016342 1.041192 1.002093 1.023907 0.995030 1.019809 1.028480 0.999198 1.029095 1.039311 1.031950 1.029940 1.037535 1.025754 1.017042 1.030625 1.029459 1.020327 1.022043 0.997240 1.004955 1.004020 1.030398 1.026232 1.001391 1.036246 0.989198 0.989011 1.001997 0.989150 1.032464 1.002569 1.003716 1.026713 1.010275 1.014811 1.004939 1.005604 1.030103 0.995758 1.007809 1.005108 0.987876 0.987775 1.005430 1.019664 1.000967 0.981948 1.025375 0.985128 1.022096 0.979766 1.009617 0.984060 0.989398 0.997081 1.013399 0.997011 0.995789 0.994616 1.000158 0.987780 1.021023 0.982512 0.979246 0.999673 0.989437 1.007568 0.973104 1.004590 0.988610 1.016389 0.984668 0.990947 0.984812 0.995252 0.982272 1.001354 0.988102 1.002579 0.981402 0.989313 0.993998 1.001734 0.998097 0.986599 0.969114 0.970108 0.971513 0.973054 0.972722 0.996343 0.979984 1.008045 0.974046 0.974346 0.970920 0.968713 0.995324 0.989868 0.973247 1.000937 0.993947 0.981348 0.990060 0.992261 0.981243 0.963551 0.976973 1.005834 0.976991 0.990059 0.962333 0.996421 1.000746 0.976010 0.975782 0.982657 0.969467 0.967189 0.962976 0.990756 0.981737 1.003951 1.004141 0.999613 1.003021 0.997601 0.956824 0.961990 1.004225 0.999043 0.986077 0.986208 0.976990 0.976368 0.962376 0.982461 0.968770 0.961109 0.998522 0.983735 0.998812 0.969712 0.983871 0.968898 0.996626
0.985450 1.007762 1.003499 0.992412 0.980507 1.001218 1.003408 1.018536 0.988162 0.987646 0.994022 1.019242 0.991093 1.011550 0.981821 0.984687 1.016355 1.006145 0.987292 1.005659 1.029388 1.002270 1.010912 1.004418 1.009012 0.986246 1.028560 1.013725 1.002428 0.999616 0.995069 1.032720 1.028393 1.005575 1.017115 1.014883 0.997565 0.989506 1.024900 0.996548 1.016941 0.989820 0.990323 0.997702 1.022430 1.020641 1.039804 1.023495 1.016832 0.991614 1.039082 1.015840 1.034509 0.993919 1.033776 1.016011 1.003243 1.012891 0.996519 1.021978 1.004050 1.028337 1.002089 1.028041 1.024563 1.029405 1.041465 1.008828 1.028318 1.014137 1.039072 1.035723 1.032727 1.024621 1.007768 1.040148 1.043250 1.042354 1.011809 1.036030 1.028905 1.036969 1.035100 1.017725 1.014758 1.034770 1.027703 1.021932 1.038609 0.996476 0.995512 1.018028 0.999600 1.036779 0.999005 1.038625 1.005684 1.001041 1.031928 1.028015 1.014541 1.023712 1.021427 1.041070 1.018880 1.020337 1.016303 1.013633 1.027377 0.998281 1.027141 1.038772 1.030207 1.019103 1.009423 0.996424 0.995944 1.018068 1.034885 1.033953 0.999578 1.027627 1.030277 1.013663 1.032321 0.998478 1.005651 1.014309 1.024656 1.010477 1.002856 1.030804 1.006754 1.007839 0.997732 1.010393 1.021238 1.003697 1.018397 1.009630 0.985228 1.032420 0.998371 1.010918 1.031231 0.993278 0.985792 0.992516 0.989541 1.024099 1.007043 0.982920 0.994040 1.005650 0.988447 0.994682 1.024224 1.000852 0.989914 1.007759 0.983145 1.003130 1.009150 0.980817 1.003431 0.991101 1.012487 1.005666 1.019971 1.004482 0.982894 0.982644 1.008180 1.013136 0.975372 0.992717 0.985642 0.994499 1.014382 0.998377 1.007236 1.007905 0.983183 0.999875 0.987338 0.991938 0.994397 1.000873 0.975592 1.008744 0.974535 0.981797 1.008270 1.014736 0.983483 1.012421 0.966368 1.011941 0.973912 0.965299 1.001344 0.971012 1.000251 0.962700 0.968255 0.979651 0.965715 0.984775 0.978251 0.997609 0.985066 1.008429 1.002091 0.968228 1.005298 1.003937 0.987218 0.985090 0.967026 0.974367 0.969119 0.967718 0.988426 0.973758 0.995737 0.985840 0.998375 0.961222 0.999053 0.981931 0.988011 0.968191 0.990943 0.976321 0.991978 0.985004 0.962699 0.970632 0.993109 0.956227 0.986945 0.982558 0.990964 0.971622 0.978976 0.978931 0.992517 0.958680 0.980525 0.967983 0.984464 0.967976 0.965323 0.966612 0.999798 0.973267
1.019008 1.012147 0.989198 1.003831 0.976943 1.023525 1.008804 0.983260 1.003950 1.003133 1.012283 0.993585 1.024975 1.010982 0.983851 1.021517 1.025170 0.996518 1.017226 1.025021 1.026459 0.986229 1.024902 0.995817 1.023835 1.018410 1.007697 1.029840 1.025238 1.035113 1.033652 1.014695 1.023092 1.020178 1.006970 1.012198 1.012945 0.998633 1.001185 1.030643 1.030996 1.023833 1.023658 1.014997 1.018407 1.023324 0.990615 1.012674 1.039212 1.001241 1.014554 0.995275 1.004362 1.033024 0.993658 1.032156 1.032303 1.035992 1.005619 1.039510 1.011683 1.015772 1.040941 1.020775 1.027731 0.999337 0.994180 1.007289 0.999456 1.035473 1.006857 1.042341 1.028462 1.004211 1.030228 1.010654 1.021157 0.998654 1.036539 1.034295 1.024005 1.029513 1.011989 1.001385 1.011256 1.031985 1.023129 1.001686 1.006960 1.018638 0.995563 0.997030 1.017225 1.001362 1.039042 1.000955 1.031897 1.034073 1.010013 1.021236 1.043625 1.024757 1.013132 1.042437 1.006485 1.041122 1.008699 1.014118 1.008660 1.025300 1.036646 1.026798 1.001251 1.041469 1.027888 1.016854 1.033809 0.996471 1.020784 1.029941 1.029239 1.023815 0.993048 1.013585 1.002845 1.019540 1.008718 1.011392 1.015216 1.017453 1.032265 1.001563 1.000901 0.996079 0.992177 1.028710 1.031904 0.991905 1.003302 1.030173 1.027833 1.033223 1.033594 0.998814 0.986613 0.995425 1.007716 0.983010 0.994574 1.005184 1.015265 0.988550 0.986617 0.996609 0.984274 0.985475 0.984152 1.018610 1.022211 0.980015 1.017728 1.019310 1.009303 0.991373 1.017007 0.979699 0.977579 1.022609 0.985564 1.019884 1.011452 0.975710 0.977714 1.004934 0.979544 1.005175 1.005120 0.982702 0.994589 0.980991 1.013591 1.001193 1.003853 1.000017 0.971626 1.012530 1.006839 0.993269 0.996698 0.991441 1.004256 0.992800 0.979694 0.991289 0.975829 0.965065 0.990537 1.007700 0.999833 0.974009 0.988659 0.992111 0.991612 0.985351 0.987529 0.996188 1.005551 0.987001 1.000153 0.994683 0.966399 0.973118 0.975594 0.977378 0.983988 0.973923 1.008861 0.995450 0.977089 0.993318 1.004344 0.965895 0.989181 1.005474 0.976122 1.001051 0.997198 0.972850 0.963913 0.996867 0.977181 0.973782 0.979330 0.992428 1.000612 1.001622 0.994011 0.964387 0.973972 0.955774 0.965385 0.972300 0.964089 0.978983 0.961719 0.987740 0.975609 0.967380 0.989308 0.971407 0.956193 0.996921 0.992719 0.998945 0.969749 0.968284
1.009819 0.982695 1.024083 1.008795 1.003927 0.979461 0.991421 0.998800 1.027038 0.985618 1.008336 0.983008 1.028047 1.017211 1.020838 1.018041 0.989927 0.993363 0.983621 1.009580 0.986419 0.992129 0.991762 1.029407 1.023223 0.998367 1.032957 0.992717 0.992098 1.004460 1.025994 0.990964 1.025787 1.013858 1.026880 1.004084 0.989660 0.992793 1.024292 1.013765 1.026880 0.998904 1.003195 1.000070 1.032289 1.025160 0.997992 1.026771 0.992663 1.014279 1.004038 1.029630 1.027547 1.026010 1.001884 0.994359 1.024406 1.027316 0.993227 1.034855 1.037964 1.011319 1.019357 1.026100 1.039974 1.026299 1.019726 1.032501 1.018664 0.995918 1.021736 1.015156 1.011303 1.014330 1.005750 1.010349 1.032163 1.039132 1.017721 1.037213 1.001235 1.020769 1.032216 1.034055 1.014360 1.003388 1.043013 1.025416 1.027580 1.012185 1.000497 1.023311 1.014968 1.039172 1.027759 1.032298 1.022919 1.031986 1.000936 1.043948 1.023059 1.023773 1.003259 0.998197 1.028766 1.029669 1.026535 1.005780 1.017219 1.031109 1.024556 1.037823 0.996614 1.030701 0.992413 1.022796 1.018036 0.994811 1.011826 1.024047 1.033778 0.994024 1.015402 1.029430 0.995248 1.033771 1.035815 1.005725 0.998763 0.995308 0.998727 1.008399 1.022513 1.033699 1.014477 1.033900 1.007271 1.018486 0.985296 1.005896 0.985775 0.990912 1.024404 0.989352 0.998273 1.009242 1.008861 0.983769 0.987416 1.015370 1.001419 0.985432 1.004388 0.998718 1.029707 0.981759 0.988004 0.982359 1.005816 1.025907 1.016389 0.982735 1.003736 0.994279 1.024870 1.010980 1.005458 0.987703 0.996330 1.000454 0.992675 1.001578 0.977497 0.993651 1.021587 0.991829 0.996797 1.008807 1.011376 1.007213 0.989088 1.005250 0.979280 0.999792 0.969379 0.977852 0.976625 0.985126 1.004078 0.967869 1.010301 0.970730 1.013328 1.012926 0.995871 1.006843 1.011541 0.986571 1.006655 0.965293 1.002287 0.995350 1.001470 0.969813 0.966225 0.987929 0.991813 0.995586 0.969902 0.989074 1.008861 0.972818 1.000902 1.007710 0.993070 0.981212 0.979884 0.982124 0.964766 0.962050 0.972100 0.966594 1.002696 0.975644 1.001127 0.985333 1.001911 1.001682 0.992257 0.978969 0.968591 0.984478 0.971726 0.997440 0.958039 0.987629 0.972645 0.976603 0.982628 1.004548 1.005029 0.973148 1.003095 1.002962 0.981434 0.983269 0.964932 0.994493 0.979286 0.993107 1.001093 0.986180 0.989766 0.982474 0.961608 0.978045
0.978123 0.984409 1.024783 0.995142 0.983263 0.998635 0.980257 1.007984 0.989420 0.989250 1.010594 1.025386 0.980166 1.015603 1.009319 1.004927 1.002009 0.981856 0.999244 1.008177 0.999135 1.032414 1.000066 1.025684 1.024271 1.023806 1.009010 1.009715 1.027252 0.991276 0.996956 0.986680 1.010914 1.009323 1.034744 1.033798 1.007850 1.012645 0.993382 1.026068 1.014646 0.997353 1.033074 0.991622 0.999377 1.013863 1.040099 0.997423 1.004052 1.030512 1.007991 1.037854 0.992555 1.003716 1.007510 1.034622 0.997514 1.026282 1.037100 1.041646 1.033397 0.995783 1.017560 1.004460 0.999783 1.005972 1.030697 1.022811 1.000692 1.008557 0.997672 1.040770 1.032252 1.018239 1.042757 1.043656 1.005143 1.007574 1.004466 1.026343 1.024710 1.020898 1.033693 1.021480 1.010733 1.028420 1.042432 0.997446 1.019230 1.001864 1.032199 1.016366 1.036677 1.028148 1.042557 1.023500 1.024216 1.043059 1.034395 1.011029 0.999195 1.039977 0.996959 1.039807 1.040170 1.026433 1.040645 1.023406 1.030169 1.022502 1.003646 0.996282 1.029303 1.014525 0.997986 1.019494 1.004575 1.004223 1.034688 1.021562 1.027819 1.031014 1.011753 1.012230 1.011011 1.007014 1.027802 1.032819 1.003220 1.023603 0.998516 0.987849 1.021418 1.025673 1.003043 1.035991 1.021880 1.001661 1.023298 1.027152 0.991649 1.029894 1.005686 0.997343 1.002173 1.009371 1.008957 0.996962 0.984899 1.013082 1.017060 1.015583 1.000285 1.022982 0.980595 0.985826 0.979910 1.006347 1.004408 0.989258 1.003783 0.977312 0.978565 1.024502 1.020289 0.979098 1.008040 1.000283 1.001418 1.016148 1.005807 1.020414 1.007078 1.018378 0.978066 1.012987 0.987478 1.017169 1.010335 1.018709 1.007790 0.989205 0.995488 1.008068 0.971480 0.995186 0.996278 1.003419 0.984277 0.997134 1.003286 0.985225 0.999891 1.010649 0.983614 0.991127 0.988693 1.006108 0.977360 0.977856 0.982870 0.995557 0.970366 1.011273 0.987210 0.998299 0.982112 0.962582 0.980226 0.989257 0.964939 1.009167 0.989269 0.982623 0.960870 0.971523 0.975832 0.991224 0.967235 0.982571 0.971649 0.986152 0.992127 0.983429 0.994863 0.988317 0.961193 0.989684 0.980886 0.994500 1.003258 0.973849 0.998642 0.967517 0.988408 0.956070 0.996938 0.977901 0.978242 0.980310 0.973974 0.966787 0.989838 0.986529 0.957851 0.968612 1.001639 0.969176 0.969687 0.983908 0.973634 1.002385 1.004149 0.961487 0.966303 0.963638
0.997237 0.989572 1.009472 1.020407 0.980077 0.978191 0.982863 0.993128 0.984696 0.999967 0.996924 1.015484 1.027835 1.028729 1.001243 1.012740 0.987552 1.011824 1.025835 1.026263 0.989369 0.991015 1.028150 1.018268 1.021864 0.987445 1.015339 0.985889 1.021912 1.025129 1.001817 0.986176 1.022992 1.036571 1.017985 1.005560 1.004003 1.028440 1.036566 1.006666 0.999740 1.038786 1.010610 1.011612 1.005290 1.026243 1.039374 1.013951 1.033477 1.010980 1.012284 1.031508 1.040155 1.029576 1.027257 1.033577 1.038362 1.040255 1.019343 1.012320 0.993447 1.019598 1.011169 0.993566 1.043343 1.009191 1.040541 0.994846 1.012162 1.033461 1.028027 1.028106 1.018954 0.999188 1.036257 1.032813 1.018698 1.022959 1.035093 1.019653 1.018739 1.019208 1.031800 1.031776 1.011738 1.033809 1.013754 1.028636 1.013793 1.039846 1.041851 1.033675 1.013793 1.012234 1.016267 1.024752 0.996121 1.021608 1.040662 0.997343 1.038585 1.022512 1.043657 1.029788 1.029443 1.031006 1.014260 0.998939 1.035613 1.036566 1.028591 1.003221 1.017120 1.017679 1.009952 1.016016 1.014203 1.040134 1.022226 1.039465 1.035829 0.999038 1.028482 1.008721 1.019275 1.017295 1.025860 1.003636 1.022215 1.006518 1.026869 1.012135 1.019324 1.036683 1.000565 0.986481 1.030709 1.011854 1.017595 1.026489 1.029157 1.003600 1.033331 1.003152 1.019623 1.024535 1.000734 1.003238 1.000218 0.998643 1.001779 1.023212 0.983490 1.029560 1.019260 1.007336 1.011106 0.993604 1.016485 1.021584 0.996602 1.002094 0.987700 0.988916 1.018608 1.007738 0.997609 1.006887 0.983758 0.974307 0.991606 1.002129 0.982225 0.999707 0.988500 0.984998 1.008502 0.989169 1.007876 1.007867 0.988804 0.971245 1.011441 0.996516 0.997584 1.002499 0.995305 1.012875 0.967611 1.015254 0.997300 0.986511 1.011173 1.010248 0.994965 0.965300 0.995670 0.984786 0.992555 1.005069 0.969836 1.005162 0.978172 0.974914 0.963925 0.967104 0.974883 0.987667 1.007939 0.969278 0.974872 0.978817 0.991916 0.977360 0.992924 0.966713 0.961159 0.987732 0.994719 0.965012 0.960516 0.991354 0.960998 1.003818 0.991885 0.965201 0.977488 0.959635 0.961081 0.974141 1.000283 1.001750 0.993800 0.987890 0.985112 0.981338 0.988489 0.980429 0.975394 0.997268 0.970404 0.975576 0.989190 1.003372 0.972357 0.976746 0.975157 0.965534 0.972753 0.994481 0.964391 0.978880 0.969216 0.983941 0.993721 0.960866
